CHROM	POS	TYPE	/SAN/Ctyzzeri/all/results/rmd/sel/866_sort.rmd.bam.AD	/SAN/Ctyzzeri/all/results/rmd/sel/900_sort.rmd.bam.AD	/SAN/Ctyzzeri/all/results/rmd/sel/942_sort.rmd.bam.AD	/SAN/Ctyzzeri/all/results/rmd/sel/TYGZ1_sort.rmd.bam.AD	/SAN/Ctyzzeri/all/results/rmd/sel/UGA55_sort.rmd.bam.AD
Ctyz_1	34743	SNP	8,5	11,0	20,6	0,51	18,0
Ctyz_1	91735	SNP	13,0	5,24	12,19	17,0	22,0
Ctyz_1	122359	SNP	27,3	18,1	21,9	0,43	37,0
Ctyz_1	790177	SNP	12,2	10,1	1,13	0,13	12,0
Ctyz_1	808298	SNP	11,4	31,0	24,0	0,72	56,0
Ctyz_2	28147	SNP	60,2	19,1	46,4	0,61	37,0
Ctyz_2	109468	SNP	10,0	21,0	18,12	0,20	42,0
Ctyz_2	147162	SNP	9,4	13,0	38,0	0,40	16,0
Ctyz_2	161897	SNP	50,0	26,0	55,3	4,31	31,1
Ctyz_2	161902	SNP	54,0	28,0	58,3	4,29	27,0
Ctyz_2	161908	SNP	49,0	28,0	61,1	4,24	22,0
Ctyz_2	161909	SNP	50,0	28,0	57,0	4,22	22,0
Ctyz_2	161911	SNP	25,0	9,1	36,1	2,22	14,0
Ctyz_2	831889	SNP	6,4	11,0	11,0	0,69	32,0
Ctyz_2	860257	SNP	20,2	39,0	21,7	0,10	11,0
Ctyz_3	94814	SNP	44,5	12,0	36,0	0,45	35,0
Ctyz_3	181840	SNP	19,1	18,0	15,1	0,19	25,0
Ctyz_3	181909	SNP	16,0	5,6	19,5	13,0	21,0
Ctyz_3	908007	SNP	20,4	19,0	35,15	0,49	27,0
Ctyz_3	908010	SNP	14,4	16,0	37,0	0,50	27,0
Ctyz_4	20772	SNP	16,0	11,0	4,10	60,0	59,0
Ctyz_4	850724	SNP	35,3	22,0	26,9	0,39	14,0
Ctyz_4	851811	SNP	3,7	15,0	21,0	20,0	19,0
Ctyz_4	852168	SNP	79,0	63,1	84,0	0,15	27,0
Ctyz_4	1036280	SNP	38,0	10,0	19,12	33,0	18,0
Ctyz_5	10432	SNP	11,0	1,33	11,30	22,0	46,0
Ctyz_5	10433	SNP	11,0	1,31	11,30	21,0	46,0
Ctyz_5	10435	SNP	11,0	0,45	15,37	21,0	44,0
Ctyz_5	82426	SNP	62,0	17,0	37,0	0,26	63,0
Ctyz_5	82432	SNP	66,0	19,0	37,0	1,23	60,0
Ctyz_5	82456	SNP	52,0	12,0	22,0	1,44	64,0
Ctyz_5	492955	SNP	11,3	11,0	13,0	0,15	15,0
Ctyz_5	513039	SNP	15,3	12,0	8,7	0,74	38,0
Ctyz_5	566259	SNP	12,35	10,30	14,47	57,0	49,0
Ctyz_5	655572	SNP	41,1	15,0	33,7	0,49	39,0
Ctyz_5	728968	SNP	6,23	5,10	30,7	16,0	42,0
Ctyz_5	784035	SNP	13,0	23,0	16,5	0,47	22,0
Ctyz_6	6000	SNP	17,1	13,8	7,15	70,0	48,0
Ctyz_6	6001	SNP	16,1	12,8	7,15	71,0	48,0
Ctyz_6	63535	SNP	45,11	22,5	20,8	0,43	72,0
Ctyz_6	63542	SNP	7,12	10,9	14,2	51,5	70,0
Ctyz_6	63776	SNP	13,2	13,2	9,3	1,19	34,0
Ctyz_6	172473	SNP	10,0	3,8	8,13	10,0	11,0
Ctyz_6	1201292	SNP	26,0	14,0	24,0	0,10	21,0
Ctyz_6	1253763	SNP	11,2	13,0	2,12	0,36	55,0
Ctyz_7	6459	SNP	14,0	13,1	0,21	12,0	22,0
Ctyz_7	6746	SNP	4,9	17,2	0,21	22,3	51,0
Ctyz_7	108532	SNP	18,2	13,0	15,0	0,13	13,0
Ctyz_7	169613	SNP	13,0	14,0	29,0	0,39	26,0
Ctyz_7	254025	SNP	47,1	25,2	59,2	0,10	82,0
Ctyz_7	272283	SNP	36,5	11,0	32,6	6,51	60,0
Ctyz_7	272286	SNP	40,0	12,0	34,4	7,44	64,0
Ctyz_7	272290	SNP	39,1	10,0	38,3	6,44	58,1
Ctyz_7	272305	SNP	45,7	18,1	42,0	3,22	51,0
Ctyz_7	272356	SNP	56,3	18,2	40,0	9,14	58,0
Ctyz_7	892827	SNP	15,3	12,0	11,11	1,49	45,0
Ctyz_7	911158	SNP	35,1	12,0	37,0	4,81	74,0
Ctyz_8	373790	SNP	25,1	29,0	25,11	0,31	18,0
Ctyz_8	373795	SNP	22,0	30,0	23,11	0,35	18,0
Ctyz_8	726615	SNP	26,0	28,1	21,0	6,74	73,0
Ctyz_8	1091567	SNP	7,4	20,0	17,0	0,64	82,0
Ctyz_8	1117929	SNP	21,2	14,0	19,0	1,67	60,0
Ctyz_8	1118025	SNP	39,1	25,1	59,3	1,37	66,1
Ctyz_8	1118027	SNP	40,1	26,0	54,3	1,37	63,0
Ctyz_8	1120106	SNP	54,0	16,1	39,0	0,13	11,0
Ctyz_8	1167624	SNP	9,3	13,0	4,9	24,0	15,0
Ctyz_8	1217033	SNP	39,0	14,6	21,7	29,0	39,0
Ctyz_00_3	106019	SNP	21,0	12,0	21,0	0,10	11,0
