CHROM	POS	TYPE	/SAN/Ctyzzeri/all/results/rmd/CHN_C_GU1_sort.rmd.bam.AD	/SAN/Ctyzzeri/all/results/rmd/CHN_C_GU2_sort.rmd.bam.AD	/SAN/Ctyzzeri/all/results/rmd/CHN_C_GU3_sort.rmd.bam.AD	/SAN/Ctyzzeri/all/results/rmd/CHN_C_SH1_sort.rmd.bam.AD	/SAN/Ctyzzeri/all/results/rmd/CHN_C_SH2_sort.rmd.bam.AD	/SAN/Ctyzzeri/all/results/rmd/CHN_M_GU_sort.rmd.bam.AD	/SAN/Ctyzzeri/all/results/rmd/EUR_C_CZ_sort.rmd.bam.AD	/SAN/Ctyzzeri/all/results/rmd/EUR_H_CZ_sort.rmd.bam.AD	/SAN/Ctyzzeri/all/results/rmd/EUR_M_866_sort.rmd.bam.AD	/SAN/Ctyzzeri/all/results/rmd/EUR_M_900_sort.rmd.bam.AD	/SAN/Ctyzzeri/all/results/rmd/EUR_M_942_sort.rmd.bam.AD	/SAN/Ctyzzeri/all/results/rmd/USA_C_WA1_sort.rmd.bam.AD	/SAN/Ctyzzeri/all/results/rmd/USA_C_WA2_sort.rmd.bam.AD	/SAN/Ctyzzeri/all/results/rmd/USA_C_WI_sort.rmd.bam.AD	/SAN/Ctyzzeri/all/results/rmd/USA_H_AL1_sort.rmd.bam.AD	/SAN/Ctyzzeri/all/results/rmd/USA_H_AL2_sort.rmd.bam.AD	/SAN/Ctyzzeri/all/results/rmd/USA_H_OR_sort.rmd.bam.AD	/SAN/Ctyzzeri/all/results/rmd/USA_M_GA_sort.rmd.bam.AD
Ctyz_1	1571	SNP	0,54	0,44	0,32	0,7	0,89	91,0	0,17	0,44	10,0	1,0	11,0	0,23	0,28	0,52	0,63	0,56	0,145	77,0
Ctyz_1	2417	SNP	0,37	0,17	0,21	13,5	0,64	69,0	0,20	1,27	10,0	8,0	12,0	0,10	0,21	0,17	0,58	0,46	0,154	79,0
Ctyz_1	8287	SNP	0,53	0,47	0,33	0,14	0,111	54,0	0,38	0,45	11,0	6,0	14,0	0,11	0,18	0,45	2,99	1,123	0,211	97,1
Ctyz_1	10210	SNP	0,89	0,64	0,48	0,24	0,97	85,0	56,0	49,0	18,0	16,0	11,0	11,0	30,0	42,0	147,0	170,0	202,0	102,0
Ctyz_1	18939	SNP	0,51	0,48	0,37	0,83	0,89	86,0	0,37	0,39	5,0	7,0	11,0	0,19	0,26	0,37	0,119	0,85	0,132	32,0
Ctyz_1	18973	SNP	50,0	52,0	42,0	83,0	95,0	97,0	37,0	39,0	1,0	3,0	11,0	18,0	30,0	40,0	126,0	0,86	0,140	36,0
Ctyz_1	19115	SNP	0,51	0,39	0,42	0,77	0,98	72,0	0,44	1,41	2,0	1,0	10,0	0,16	0,25	0,36	0,108	1,92	2,145	61,0
Ctyz_1	19163	SNP	0,58	0,35	0,40	1,74	1,98	73,0	0,46	1,41	6,0	0,0	11,0	0,12	0,23	0,34	1,109	0,88	0,142	59,0
Ctyz_1	19261	SNP	0,60	0,29	0,36	1,77	1,85	67,0	0,44	0,40	2,0	10,0	15,0	0,19	0,23	0,37	3,93	0,81	0,137	51,0
Ctyz_1	19543	SNP	0,31	0,20	0,21	1,79	0,89	47,0	0,39	0,39	8,0	0,0	14,0	0,13	0,29	0,35	2,108	0,62	0,157	21,0
Ctyz_1	19600	SNP	0,23	0,10	0,18	0,87	0,96	43,0	0,38	0,47	8,0	1,0	17,0	0,11	0,33	0,25	0,104	0,63	0,151	20,0
Ctyz_1	19613	SNP	0,25	0,13	0,17	0,82	0,92	45,0	0,37	1,44	9,0	1,0	16,0	0,12	0,31	0,23	1,102	0,61	1,145	21,0
Ctyz_1	19627	SNP	28,0	15,0	19,0	83,0	87,0	44,0	36,1	45,0	7,0	0,0	14,0	14,0	27,0	24,0	100,0	0,62	1,143	23,0
Ctyz_1	19642	SNP	0,28	0,13	1,16	0,81	0,88	41,0	0,36	1,45	5,0	0,0	13,0	0,14	0,26	0,20	2,94	0,64	0,141	20,0
Ctyz_1	19927	SNP	0,43	0,35	0,24	0,100	0,103	52,0	0,35	1,37	4,0	0,0	11,0	0,10	0,36	0,29	0,106	0,75	0,149	40,0
Ctyz_1	19952	SNP	42,0	34,0	25,0	96,0	101,0	58,0	0,31	1,39	4,0	0,0	10,0	0,10	0,36	0,30	95,0	77,0	150,1	38,0
Ctyz_1	19990	SNP	0,43	0,34	0,25	0,81	0,84	58,0	32,0	47,0	5,0	0,0	13,0	10,0	30,0	23,0	98,0	77,0	142,0	37,0
Ctyz_1	20023	SNP	0,42	0,38	0,22	0,79	0,82	54,0	0,29	2,39	10,0	1,0	11,0	1,6	0,25	0,22	1,98	0,75	0,131	31,0
Ctyz_1	20168	SNP	0,46	0,26	0,35	0,90	0,97	81,0	0,30	1,50	7,0	3,0	17,0	0,10	0,23	0,18	0,92	0,94	0,122	87,0
Ctyz_1	20189	SNP	50,0	32,0	35,0	91,1	102,0	75,0	0,32	1,50	4,0	3,0	15,0	0,10	0,26	0,24	0,93	0,94	0,118	88,0
Ctyz_1	20488	SNP	49,0	31,0	39,0	93,0	91,0	78,0	0,36	1,45	13,0	1,0	6,0	0,15	0,23	0,24	0,83	0,98	0,117	90,0
Ctyz_1	20490	SNP	51,0	33,0	40,0	92,0	92,0	83,0	0,36	2,44	12,0	1,0	6,0	0,15	0,23	0,23	0,82	0,97	0,117	92,0
Ctyz_1	20538	SNP	0,55	0,35	0,42	0,106	0,97	84,0	0,38	1,47	0,0	1,0	11,0	0,13	0,28	0,24	0,88	0,110	0,115	101,0
Ctyz_1	20582	SNP	0,48	0,39	0,45	0,110	0,92	78,0	0,32	0,51	2,0	0,0	10,0	0,15	0,30	0,23	0,90	0,109	0,124	105,0
Ctyz_1	20692	SNP	0,58	0,38	0,39	0,114	0,104	71,0	0,31	0,45	4,0	0,0	12,0	0,21	0,33	0,33	0,99	0,111	0,128	83,0
Ctyz_1	20887	SNP	0,50	0,33	0,37	0,98	0,83	70,0	0,27	0,49	4,0	1,0	17,0	0,20	0,34	1,36	0,103	0,108	0,140	36,0
Ctyz_1	20929	SNP	48,0	34,0	32,0	106,0	86,0	72,0	0,28	0,43	3,0	0,0	13,0	0,22	0,34	1,36	0,99	1,103	0,134	36,0
Ctyz_1	20937	SNP	0,46	0,33	0,33	0,102	1,81	81,0	0,28	0,42	4,0	0,0	11,0	0,22	0,33	0,32	1,99	0,98	0,132	35,0
Ctyz_1	21337	SNP	0,49	0,34	0,37	0,127	0,87	62,0	0,26	0,32	5,0	1,0	12,0	0,12	0,33	0,32	0,90	0,89	0,147	13,0
Ctyz_1	21366	SNP	0,48	0,32	0,36	0,119	0,87	61,0	0,22	0,34	4,0	0,0	13,0	0,11	1,29	0,31	0,88	2,87	1,158	12,0
Ctyz_1	21375	SNP	0,51	0,34	0,38	1,119	0,89	64,0	0,22	0,35	4,0	3,0	27,0	0,13	0,28	0,28	4,84	0,91	0,159	11,0
Ctyz_1	21404	SNP	0,47	0,28	0,36	1,108	0,83	52,0	19,0	29,0	4,0	0,0	10,0	14,0	26,0	24,0	78,1	87,0	148,0	10,0
Ctyz_1	21406	SNP	47,0	26,0	37,0	109,0	83,0	52,0	0,19	0,28	4,0	0,0	11,0	14,0	25,0	23,0	79,0	87,0	147,1	10,0
Ctyz_1	21407	SNP	0,49	0,28	0,37	0,108	0,83	51,0	0,19	0,28	4,0	0,0	11,0	0,14	0,26	0,21	0,76	0,84	0,147	10,0
Ctyz_1	21476	SNP	0,47	0,27	0,23	0,112	0,81	47,0	0,23	0,28	4,0	1,0	12,0	0,11	0,20	0,29	0,73	0,88	0,151	11,0
Ctyz_1	21486	SNP	0,51	0,28	0,21	0,113	0,82	41,0	0,22	0,28	3,0	1,0	12,0	0,12	0,19	0,23	0,77	1,85	0,148	12,0
Ctyz_1	21511	SNP	0,44	0,27	0,26	0,116	0,88	37,0	0,19	1,30	1,0	0,0	15,0	0,12	1,20	0,27	1,79	0,82	0,146	11,0
Ctyz_1	21515	SNP	0,45	0,26	0,25	1,115	0,89	37,0	0,20	1,30	1,0	1,0	15,0	0,12	0,22	0,27	4,78	0,82	0,146	12,0
Ctyz_1	21582	SNP	0,35	0,22	0,21	0,118	0,106	38,0	0,24	1,30	0,0	2,0	13,0	0,12	0,20	0,34	0,85	0,77	1,147	13,0
Ctyz_1	21592	SNP	0,37	0,21	0,21	0,117	0,106	41,0	0,25	1,33	0,0	2,0	1,10	0,10	0,20	0,35	0,82	1,75	0,149	13,0
Ctyz_1	21619	SNP	0,36	0,22	0,23	0,114	1,108	47,0	0,28	1,33	1,0	1,0	10,0	0,15	0,20	0,29	0,85	0,79	0,151	17,0
Ctyz_1	21688	SNP	0,29	0,22	0,17	0,103	0,105	46,0	33,0	33,1	4,0	0,0	10,0	17,0	23,0	21,0	78,0	72,0	154,0	12,0
Ctyz_1	21723	SNP	0,32	0,23	0,14	0,108	0,111	41,0	0,36	1,33	2,0	1,0	11,0	0,18	0,26	0,27	0,81	0,70	1,154	14,0
Ctyz_1	21945	SNP	0,35	0,31	0,20	0,121	0,95	57,0	0,39	0,39	2,0	0,0	11,0	0,19	0,20	0,32	0,85	0,79	0,154	54,0
Ctyz_1	21946	SNP	0,32	0,32	0,17	0,120	0,96	58,0	0,39	0,39	2,0	0,0	11,0	0,19	0,20	0,32	1,81	0,81	0,154	54,0
Ctyz_1	21967	SNP	0,36	0,34	0,21	0,117	0,94	54,0	0,39	0,33	5,0	1,0	13,0	1,18	0,20	0,31	0,81	1,84	0,153	61,0
Ctyz_1	21968	SNP	0,33	0,34	0,21	0,118	0,95	53,0	0,39	0,33	5,0	0,0	12,0	0,19	0,20	0,31	0,80	0,82	0,153	62,0
Ctyz_1	21978	SNP	0,35	0,37	0,23	0,117	0,95	54,0	0,37	0,33	3,0	0,0	12,0	0,18	0,21	0,34	0,84	0,86	0,157	62,0
Ctyz_1	22007	SNP	0,34	0,38	0,23	1,116	0,92	53,0	0,37	1,31	3,0	1,0	27,0	1,16	0,24	0,34	0,77	1,81	1,152	64,0
Ctyz_1	22008	SNP	0,33	0,39	0,23	0,115	0,91	52,0	0,37	0,32	3,0	1,0	27,0	0,17	0,23	0,34	0,77	0,81	0,151	64,0
Ctyz_1	22030	SNP	0,29	1,33	1,24	0,110	0,93	52,0	0,35	0,31	3,0	1,0	11,0	0,19	0,23	0,28	1,75	1,77	0,138	65,0
Ctyz_1	22037	SNP	0,24	0,31	1,21	0,96	0,83	54,0	0,31	0,28	2,0	0,0	12,0	0,17	0,21	0,17	0,66	0,62	0,118	69,0
Ctyz_1	22038	SNP	0,27	0,32	0,20	0,96	0,83	54,0	0,31	0,28	1,0	0,0	12,0	0,17	0,21	0,17	0,66	0,63	0,118	69,0
Ctyz_1	22039	SNP	0,25	0,33	0,21	0,96	0,83	52,0	0,31	0,28	1,0	0,0	12,0	0,17	0,21	0,17	1,65	0,63	0,118	68,0
Ctyz_1	22041	SNP	0,26	0,32	0,21	0,96	0,82	52,0	0,31	0,28	1,0	0,0	10,0	0,18	0,21	0,17	0,65	0,63	0,117	67,0
Ctyz_1	22053	SNP	0,29	0,35	0,27	0,102	0,96	57,0	0,33	0,30	2,0	0,0	11,0	0,21	0,23	0,20	0,76	0,72	0,132	70,0
Ctyz_1	22062	SNP	0,29	0,35	0,26	0,103	0,93	60,0	0,33	0,30	1,0	0,0	11,0	0,21	0,24	0,18	0,73	0,69	0,130	69,0
Ctyz_1	22067	SNP	0,29	0,33	0,24	0,101	0,91	60,0	0,33	0,30	1,0	0,0	12,0	0,21	0,23	0,15	0,69	0,67	0,126	69,0
Ctyz_1	22071	SNP	0,27	0,33	0,23	0,101	0,91	63,0	0,33	1,29	1,0	0,0	12,0	0,21	0,23	0,15	0,69	0,67	0,126	70,0
Ctyz_1	22074	SNP	0,27	0,33	0,24	0,101	0,91	65,0	0,33	0,30	1,0	0,0	11,0	0,20	0,23	0,15	0,69	1,66	0,125	68,0
Ctyz_1	22075	SNP	0,27	0,33	0,23	0,101	0,91	62,0	0,32	0,30	1,0	0,0	12,0	0,20	0,23	0,15	0,67	0,66	0,124	71,0
Ctyz_1	22091	SNP	37,0	38,0	29,0	115,0	100,0	66,0	0,39	0,33	1,0	0,0	16,0	0,19	0,22	0,27	0,74	0,71	0,137	76,0
Ctyz_1	22104	SNP	0,26	1,33	0,25	0,93	0,84	69,0	0,33	0,23	0,0	0,0	14,0	1,14	0,19	0,11	0,56	1,58	1,107	74,0
Ctyz_1	22108	SNP	0,29	0,36	0,23	0,94	0,85	69,0	0,32	0,23	0,0	0,0	15,0	0,15	0,19	0,11	0,56	0,58	0,107	73,0
Ctyz_1	22114	SNP	0,28	0,36	0,24	0,94	0,85	71,0	0,32	0,23	0,0	0,0	16,0	0,15	0,19	0,11	0,56	0,58	0,105	75,0
Ctyz_1	22115	SNP	0,26	0,33	0,25	0,94	0,85	72,0	0,32	0,22	0,0	0,0	16,0	0,15	0,19	0,11	0,54	0,58	0,105	75,0
Ctyz_1	22116	SNP	0,29	0,36	0,25	0,94	0,85	70,0	0,32	0,23	0,0	0,0	16,0	0,15	0,19	0,11	0,56	0,58	0,105	75,0
Ctyz_1	22124	SNP	0,25	0,31	0,24	1,93	0,85	69,0	0,32	0,23	0,0	0,0	17,0	0,15	0,19	0,12	0,56	0,59	0,106	77,0
Ctyz_1	22128	SNP	0,28	0,34	0,26	0,94	0,85	65,0	0,32	0,23	0,0	0,0	16,0	0,15	0,19	0,12	0,56	1,58	0,106	75,0
Ctyz_1	22134	SNP	0,29	0,35	0,26	0,93	0,86	66,0	0,32	0,23	0,0	0,0	17,0	0,15	0,19	0,12	0,56	0,59	0,106	77,0
Ctyz_1	22135	SNP	0,29	0,34	0,26	0,94	0,86	70,0	0,32	0,23	0,0	0,0	17,0	0,15	0,19	0,12	0,56	0,59	0,106	77,0
Ctyz_1	22137	SNP	0,27	0,32	0,24	0,94	0,86	68,0	0,32	0,23	0,0	0,0	15,0	0,15	0,18	0,12	0,56	0,59	0,106	76,0
Ctyz_1	22161	SNP	0,30	0,37	0,31	0,97	0,90	67,0	0,35	0,25	0,0	0,0	16,0	0,15	0,20	0,24	0,55	0,75	0,119	85,0
Ctyz_1	22163	SNP	0,32	0,35	0,31	0,97	1,90	69,0	0,35	0,25	0,0	1,0	16,0	0,15	0,20	0,24	0,55	1,75	0,119	83,0
Ctyz_1	22167	SNP	0,30	0,38	0,31	0,97	0,90	73,0	0,36	0,25	0,0	1,0	14,0	0,15	0,20	0,24	0,55	1,76	0,121	84,0
Ctyz_1	22171	SNP	0,31	0,37	0,29	0,98	0,90	72,0	0,36	0,27	0,0	1,0	14,0	0,16	0,20	0,24	0,57	0,77	0,124	84,0
Ctyz_1	22175	SNP	34,0	39,0	33,0	103,0	96,0	73,0	0,36	0,27	0,0	1,0	16,0	0,16	0,20	0,24	61,0	85,0	131,0	86,0
Ctyz_1	22396	SNP	0,31	0,22	0,24	0,85	0,92	73,0	0,30	0,31	2,0	0,0	10,0	0,12	0,26	0,23	0,65	0,76	0,111	102,0
Ctyz_1	22398	SNP	0,30	0,21	0,23	0,85	0,92	76,0	0,30	0,31	2,0	0,0	0,10	0,12	0,26	0,24	0,65	0,76	0,110	102,0
Ctyz_1	22403	SNP	0,31	0,23	0,25	1,84	0,92	74,0	0,30	0,32	2,0	0,0	11,0	0,12	0,27	0,25	0,67	0,76	0,113	100,0
Ctyz_1	22405	SNP	0,31	0,22	0,25	0,85	0,92	73,0	31,0	32,0	2,0	0,0	11,0	12,0	28,0	26,0	69,0	77,0	112,1	98,0
Ctyz_1	22407	SNP	0,31	0,22	0,23	0,85	0,93	74,0	0,31	0,32	2,0	0,0	11,0	0,12	0,28	0,26	0,70	0,77	0,113	100,0
Ctyz_1	22428	SNP	0,48	0,32	0,32	0,116	0,114	55,0	0,32	0,33	3,0	0,0	10,0	0,12	0,32	0,33	0,80	0,89	0,126	102,0
Ctyz_1	22429	SNP	0,47	0,32	0,32	0,116	0,114	58,0	0,32	0,33	3,0	0,0	10,0	0,12	0,32	0,34	0,80	0,89	0,126	101,0
Ctyz_1	22438	SNP	0,45	0,27	0,30	0,113	0,113	57,0	0,30	0,33	5,0	0,0	10,0	0,12	0,31	0,32	0,77	0,88	0,125	101,0
Ctyz_1	22449	SNP	0,37	0,22	0,25	1,101	0,94	58,0	0,25	0,27	5,0	0,0	10,0	0,11	0,25	0,14	0,63	0,70	1,95	100,0
Ctyz_1	22450	SNP	0,37	0,23	0,25	1,101	0,94	58,0	0,24	0,27	4,0	0,0	10,0	0,11	0,25	0,14	0,63	0,70	0,96	97,0
Ctyz_1	22458	SNP	0,34	0,20	0,21	0,99	0,94	58,0	0,24	0,26	4,0	0,0	12,0	0,11	1,23	0,13	0,61	0,66	0,92	109,0
Ctyz_1	22459	SNP	0,35	0,20	0,22	0,99	0,94	59,0	0,24	0,26	3,0	0,0	11,0	0,11	0,24	0,13	0,60	0,66	0,92	107,0
Ctyz_1	22460	SNP	1,30	0,22	0,21	0,98	0,94	59,0	0,24	0,26	3,0	0,0	13,0	0,11	0,24	0,13	1,61	1,65	1,92	106,0
Ctyz_1	22462	SNP	0,37	0,22	0,22	0,99	1,94	59,0	0,24	0,26	3,0	0,0	10,0	0,11	0,25	0,13	1,60	0,66	1,92	107,0
Ctyz_1	22474	SNP	0,49	0,23	0,27	0,121	0,119	62,0	0,30	0,28	4,0	6,0	11,0	0,15	0,28	0,24	1,78	0,81	1,114	104,1
Ctyz_1	22479	SNP	0,50	0,25	0,29	0,123	0,118	63,0	0,31	0,28	4,0	6,0	12,0	0,14	0,29	0,24	3,78	0,83	1,114	108,0
Ctyz_1	22483	SNP	0,49	0,23	0,29	0,124	0,119	58,0	0,31	0,28	5,0	6,0	13,0	1,15	0,29	0,24	1,80	0,83	0,116	105,0
Ctyz_1	22489	SNP	0,51	0,24	0,31	0,125	0,123	60,0	0,32	0,30	5,0	0,0	14,0	0,16	0,29	0,27	0,86	0,88	0,122	106,0
Ctyz_1	22504	SNP	0,49	0,29	0,32	0,126	0,127	62,0	0,29	0,34	12,0	5,0	17,0	0,15	0,28	0,24	0,88	0,96	0,121	108,0
Ctyz_1	22512	SNP	0,54	0,27	0,31	0,122	0,124	63,0	0,27	0,34	12,0	5,0	16,0	0,15	0,29	0,21	0,93	0,105	0,120	108,0
Ctyz_1	22522	SNP	0,51	0,31	0,31	0,120	0,123	63,0	0,25	0,32	4,0	2,0	14,0	0,13	0,30	0,15	0,89	0,102	0,116	106,0
Ctyz_1	22524	SNP	0,49	0,29	0,29	0,120	0,123	63,0	0,24	0,32	4,0	2,0	13,0	0,13	0,30	0,15	0,89	0,102	0,116	109,0
Ctyz_1	22532	SNP	55,0	32,0	34,0	126,0	127,0	66,0	1,26	0,32	5,0	2,0	18,0	0,13	0,27	0,20	0,91	0,107	1,120	125,0
Ctyz_1	22535	SNP	0,49	0,32	0,34	0,122	0,126	71,0	0,26	0,32	4,0	2,0	13,0	0,13	0,26	0,20	0,92	0,105	0,121	127,0
Ctyz_1	22541	SNP	0,49	0,29	0,29	0,119	1,118	68,0	28,0	35,0	5,0	0,0	15,0	14,0	28,0	26,0	94,0	114,0	124,1	128,0
Ctyz_1	22544	SNP	0,47	0,30	0,30	1,118	1,117	69,0	0,26	0,34	5,0	0,0	14,0	0,14	0,27	0,24	0,92	0,112	0,122	132,0
Ctyz_1	22546	SNP	0,53	0,30	0,29	0,119	0,118	73,0	0,26	0,34	5,0	0,0	14,0	0,14	0,27	0,24	0,92	1,111	1,121	132,0
Ctyz_1	22557	SNP	0,57	0,34	0,37	0,126	0,129	73,0	0,28	0,33	6,0	0,0	12,0	0,12	0,26	0,26	0,94	0,117	0,115	133,0
Ctyz_1	22558	SNP	0,56	0,34	0,37	0,126	1,127	74,0	0,27	0,33	6,0	0,0	12,0	0,11	0,27	1,25	1,93	0,117	0,115	132,0
Ctyz_1	22572	SNP	0,58	0,34	0,36	0,134	0,127	78,0	0,27	0,33	3,0	0,0	11,0	0,12	0,26	0,23	0,98	0,118	0,116	141,0
Ctyz_1	22577	SNP	0,57	0,33	0,36	0,131	1,124	86,0	0,26	0,33	3,0	0,0	11,0	0,12	0,26	0,23	0,97	0,116	0,114	140,0
Ctyz_1	22580	SNP	0,59	0,33	0,36	0,131	1,125	88,0	0,26	0,33	3,0	0,0	11,0	0,11	0,25	0,23	0,95	0,115	0,114	138,0
Ctyz_1	22584	SNP	1,61	0,32	0,35	1,133	0,128	88,0	1,24	0,33	3,0	0,0	11,0	0,11	0,26	0,23	0,97	1,117	0,114	140,0
Ctyz_1	22598	SNP	0,62	0,37	0,40	0,141	0,132	90,0	0,27	0,35	2,0	0,0	10,0	0,11	0,23	0,26	0,98	0,117	0,120	145,0
Ctyz_1	22842	SNP	0,84	0,41	0,44	0,150	0,117	89,0	0,37	0,30	3,0	1,0	14,0	0,12	0,29	0,24	0,97	0,127	0,139	119,0
Ctyz_1	22845	SNP	0,87	0,45	0,45	0,151	0,118	88,0	0,37	0,29	3,0	1,0	14,0	0,12	0,29	0,24	0,99	0,126	0,139	116,0
Ctyz_1	22869	SNP	0,82	0,44	0,42	0,145	0,120	94,0	0,37	0,27	4,0	0,0	10,0	0,11	0,27	0,19	0,102	0,128	0,132	115,0
Ctyz_1	22872	SNP	0,86	0,44	0,41	0,141	1,119	89,0	0,37	0,29	4,0	0,0	10,0	0,11	0,28	0,19	0,101	1,126	0,133	118,0
Ctyz_1	22876	SNP	0,84	0,43	0,42	0,144	1,121	86,0	0,37	0,28	4,0	0,0	10,0	0,11	0,28	0,19	0,103	0,127	0,133	119,0
Ctyz_1	22889	SNP	0,81	0,47	0,46	0,143	0,123	84,0	0,43	0,32	3,0	3,0	13,0	0,12	0,29	0,20	0,112	0,132	1,128	113,0
Ctyz_1	22892	SNP	0,84	0,45	0,44	2,144	2,123	85,0	0,43	1,30	3,0	3,0	13,0	0,12	2,30	1,20	1,112	3,133	1,129	114,0
Ctyz_1	22980	SNP	0,60	0,35	0,34	0,121	0,99	85,0	0,33	1,29	6,0	1,0	20,0	0,10	0,23	0,14	0,93	0,106	0,114	95,0
Ctyz_1	22989	SNP	0,66	0,38	0,40	1,135	0,114	84,0	0,36	0,34	6,0	1,0	10,0	0,15	0,25	0,27	0,104	1,115	1,129	97,0
Ctyz_1	23000	SNP	0,67	0,38	0,41	0,134	0,113	81,0	0,37	0,34	6,0	1,0	10,0	0,15	0,26	0,30	0,106	0,116	0,131	92,0
Ctyz_1	23113	SNP	0,52	0,37	0,34	0,125	0,101	61,0	0,35	0,37	9,0	4,0	11,0	0,19	0,25	0,22	0,109	0,95	0,134	70,0
Ctyz_1	23258	SNP	0,36	0,15	0,13	0,106	0,100	32,0	0,36	0,37	7,0	1,0	14,0	0,21	0,30	0,20	0,115	0,89	0,138	11,0
Ctyz_1	23262	SNP	0,33	0,16	0,10	0,107	0,97	34,0	0,37	0,37	3,0	1,0	10,0	0,21	0,30	0,20	0,115	0,90	0,137	10,0
Ctyz_1	23365	SNP	25,0	11,0	12,0	123,0	100,0	37,0	0,36	0,44	2,0	0,0	11,0	0,28	0,24	0,22	2,108	0,78	2,142	11,0
Ctyz_1	23399	SNP	0,22	0,13	0,10	0,111	0,98	35,0	0,37	0,46	6,0	0,0	10,0	0,25	0,22	0,24	2,114	0,78	1,147	12,0
Ctyz_1	23469	SNP	0,25	3,17	3,11	0,110	2,95	37,0	1,41	1,46	0,0	0,0	13,0	2,21	0,20	0,27	6,120	1,80	0,147	13,0
Ctyz_1	23476	SNP	0,26	3,16	3,11	0,105	2,91	39,0	1,41	1,46	1,0	0,0	15,0	2,22	0,21	0,24	4,116	2,74	1,144	13,0
Ctyz_1	23730	SNP	0,39	0,13	0,24	1,97	0,96	47,0	0,46	2,47	1,0	1,0	11,0	0,22	0,16	0,14	1,101	0,56	0,133	16,0
Ctyz_1	23731	SNP	0,40	0,12	0,23	0,97	0,96	44,0	0,46	3,45	1,0	1,0	11,0	0,23	0,16	0,14	0,103	0,56	0,134	16,0
Ctyz_1	23735	SNP	0,40	0,14	0,24	1,98	0,97	43,0	0,46	2,47	3,0	2,0	12,0	0,23	0,16	0,14	1,103	0,56	0,135	16,0
Ctyz_1	23757	SNP	0,36	0,13	0,19	0,100	0,105	44,0	45,0	52,0	1,0	0,0	11,0	23,0	18,0	15,0	108,0	60,0	143,0	18,0
Ctyz_1	23777	SNP	0,39	0,14	0,21	0,100	0,107	47,0	0,45	2,53	1,0	0,0	11,0	0,23	0,19	0,14	1,104	0,55	0,130	15,0
Ctyz_1	23828	SNP	0,35	0,12	0,21	0,107	0,103	44,0	0,53	2,49	5,0	1,0	17,0	0,19	0,18	0,16	0,104	0,63	0,126	14,0
Ctyz_1	23861	SNP	0,31	0,11	0,20	0,103	0,108	36,0	0,52	2,48	0,0	0,0	13,0	0,21	0,18	0,20	1,103	0,65	0,126	14,0
Ctyz_1	23887	SNP	0,32	0,13	0,21	1,106	0,105	43,0	0,55	2,42	1,0	0,0	18,0	0,20	0,16	0,17	0,97	0,66	0,127	12,0
Ctyz_1	24628	SNP	0,23	0,10	0,17	0,106	0,110	20,0	41,0	38,0	5,0	1,0	14,0	19,0	20,0	12,0	104,0	71,0	126,0	14,0
Ctyz_1	24695	SNP	0,28	0,14	0,26	0,108	0,108	41,0	0,35	0,40	6,0	0,0	13,0	0,21	0,20	0,14	0,98	0,85	0,120	22,0
Ctyz_1	24699	SNP	0,26	0,14	0,23	0,106	0,108	43,0	0,32	1,39	6,0	0,0	13,0	0,21	1,19	0,14	0,99	0,84	0,115	22,0
Ctyz_1	24751	SNP	34,0	16,0	30,0	115,0	120,0	45,0	0,29	0,36	1,0	0,0	16,0	0,27	0,22	0,23	1,92	0,98	0,112	30,0
Ctyz_1	24791	SNP	0,38	0,20	1,31	0,105	0,120	39,0	0,35	0,33	1,0	0,0	12,0	0,25	0,22	0,25	3,89	1,97	0,114	32,0
Ctyz_1	24817	SNP	0,39	0,27	0,33	0,110	0,122	33,0	0,38	0,30	3,0	1,0	12,0	0,26	0,18	0,29	0,86	0,108	0,107	35,0
Ctyz_1	24839	SNP	42,1	31,0	32,0	116,0	119,0	27,0	0,38	0,28	5,0	0,0	11,0	0,25	0,15	0,29	2,75	0,100	0,108	39,0
Ctyz_1	24853	SNP	0,41	0,31	0,37	0,116	0,114	32,0	39,0	26,0	4,0	0,0	13,0	24,0	16,0	28,0	79,0	104,0	106,0	35,0
Ctyz_1	24865	SNP	0,45	0,34	0,38	0,122	0,114	36,0	0,35	0,25	4,0	0,0	14,0	0,20	0,16	0,29	2,75	1,96	0,101	39,0
Ctyz_1	24870	SNP	0,47	0,34	0,37	0,122	0,116	38,0	0,35	0,25	5,0	1,0	13,0	0,20	0,15	0,28	0,76	0,94	1,101	40,0
Ctyz_1	24900	SNP	52,0	41,0	45,0	122,0	128,0	48,0	0,36	0,27	2,0	0,0	10,0	0,20	0,15	0,25	2,71	0,93	1,94	46,0
Ctyz_1	24922	SNP	54,0	44,0	48,0	118,0	128,0	52,0	0,39	0,28	2,0	0,0	10,0	0,24	0,14	0,21	2,70	0,96	2,92	48,0
Ctyz_1	24923	SNP	0,53	0,42	0,47	0,116	0,127	52,0	39,0	31,0	2,0	0,0	12,0	25,0	14,0	23,0	73,0	99,0	95,0	48,0
Ctyz_1	24930	SNP	55,0	45,0	50,0	121,0	133,0	57,0	0,40	0,30	2,0	0,0	12,0	0,24	0,14	0,21	2,69	0,96	1,94	48,0
Ctyz_1	24936	SNP	0,56	0,46	0,45	0,119	0,133	58,0	0,40	0,30	2,0	0,0	12,0	0,25	0,12	0,17	0,68	0,96	0,93	48,0
Ctyz_1	24953	SNP	0,56	0,49	0,50	0,116	0,136	64,0	0,38	0,29	1,0	0,0	11,0	0,24	0,12	0,15	2,68	0,94	1,89	55,0
Ctyz_1	24962	SNP	0,57	0,49	0,48	0,118	0,131	67,0	0,38	0,28	1,0	0,0	10,0	0,24	0,12	0,13	0,69	0,94	0,90	54,0
Ctyz_1	24969	SNP	59,0	47,0	51,0	117,0	132,0	68,0	0,37	0,27	1,0	0,0	10,0	0,23	0,11	0,11	0,66	0,92	0,87	58,0
Ctyz_1	24970	SNP	58,0	46,0	48,0	117,0	131,0	70,0	0,37	0,27	1,0	0,0	10,0	0,23	0,11	0,11	2,66	0,91	1,88	57,0
Ctyz_1	25088	SNP	0,63	0,60	0,52	0,116	0,129	68,0	0,33	1,32	3,0	0,0	10,0	0,23	0,14	0,21	1,65	0,119	0,94	88,0
Ctyz_1	25097	SNP	0,61	0,60	0,52	0,117	0,128	69,0	33,0	33,0	8,0	2,0	19,0	22,0	14,0	28,0	66,0	0,117	1,93	87,0
Ctyz_1	25102	SNP	0,57	0,55	0,46	12,115	0,131	70,0	0,33	0,29	20,0	6,0	18,0	0,22	0,13	0,28	0,64	0,119	0,92	87,0
Ctyz_1	25116	SNP	0,60	0,54	0,49	12,108	0,123	76,0	0,31	0,28	17,0	7,0	11,0	0,18	0,14	0,20	0,64	0,110	0,88	89,0
Ctyz_1	25117	SNP	0,57	0,54	0,48	12,108	0,123	76,0	31,0	28,0	16,0	7,0	9,0	18,0	14,0	20,0	63,0	109,1	88,0	89,0
Ctyz_1	25121	SNP	0,59	0,55	0,47	0,108	0,123	75,0	0,31	1,27	5,0	2,0	11,0	0,16	0,14	0,18	0,62	0,109	0,84	88,1
Ctyz_1	25145	SNP	0,66	0,59	0,50	0,112	0,117	75,0	0,28	1,30	3,0	0,0	11,0	0,20	0,14	0,26	0,66	0,114	1,88	95,0
Ctyz_1	25163	SNP	0,44	0,32	0,39	0,70	0,76	79,0	0,20	1,20	6,0	30,0	15,0	0,14	0,11	0,1	1,51	0,87	0,65	91,0
Ctyz_1	25166	SNP	45,0	31,0	38,0	70,0	76,0	78,0	0,20	1,20	12,0	47,0	31,0	0,13	0,11	0,1	1,49	0,87	0,64	91,0
Ctyz_1	25172	SNP	0,31	0,22	0,24	0,61	0,57	0,72	0,20	0,21	11,1	55,0	21,10	0,13	0,11	0,1	0,52	0,87	0,65	91,0
