CHROM	POS	TYPE	/SAN/Ctyzzeri/all/results/rmd/AFR_H_GH1_sort.rmd.bam.AD	/SAN/Ctyzzeri/all/results/rmd/AFR_H_GH2_sort.rmd.bam.AD	/SAN/Ctyzzeri/all/results/rmd/AFR_H_GH3_sort.rmd.bam.AD	/SAN/Ctyzzeri/all/results/rmd/AFR_H_TZ1_sort.rmd.bam.AD	/SAN/Ctyzzeri/all/results/rmd/AFR_H_TZ2_sort.rmd.bam.AD	/SAN/Ctyzzeri/all/results/rmd/AFR_H_TZ3_sort.rmd.bam.AD	/SAN/Ctyzzeri/all/results/rmd/AFR_H_TZ4_sort.rmd.bam.AD	/SAN/Ctyzzeri/all/results/rmd/CHN_P_GU1_sort.rmd.bam.AD	/SAN/Ctyzzeri/all/results/rmd/CHN_P_GU2_sort.rmd.bam.AD	/SAN/Ctyzzeri/all/results/rmd/CHN_P_GU3_sort.rmd.bam.AD	/SAN/Ctyzzeri/all/results/rmd/CHN_P_SH1_sort.rmd.bam.AD	/SAN/Ctyzzeri/all/results/rmd/CHN_P_SH2_sort.rmd.bam.AD	/SAN/Ctyzzeri/all/results/rmd/CHN_T_GU_sort.rmd.bam.AD	/SAN/Ctyzzeri/all/results/rmd/COL_H_MD_sort.rmd.bam.AD	/SAN/Ctyzzeri/all/results/rmd/EUR_H_WL1_sort.rmd.bam.AD	/SAN/Ctyzzeri/all/results/rmd/EUR_H_WL2_sort.rmd.bam.AD	/SAN/Ctyzzeri/all/results/rmd/EUR_H_WL3_sort.rmd.bam.AD	/SAN/Ctyzzeri/all/results/rmd/EUR_H_WL4_sort.rmd.bam.AD	/SAN/Ctyzzeri/all/results/rmd/EUR_H_WL5_sort.rmd.bam.AD	/SAN/Ctyzzeri/all/results/rmd/EUR_P_CZ1_sort.rmd.bam.AD	/SAN/Ctyzzeri/all/results/rmd/EUR_P_CZ2_sort.rmd.bam.AD	/SAN/Ctyzzeri/all/results/rmd/EUR_T_866_sort.rmd.bam.AD	/SAN/Ctyzzeri/all/results/rmd/EUR_T_900_sort.rmd.bam.AD	/SAN/Ctyzzeri/all/results/rmd/EUR_T_942_sort.rmd.bam.AD	/SAN/Ctyzzeri/all/results/rmd/MDG_H_1_sort.rmd.bam.AD	/SAN/Ctyzzeri/all/results/rmd/MDG_H_2_sort.rmd.bam.AD	/SAN/Ctyzzeri/all/results/rmd/MDG_H_3_sort.rmd.bam.AD	/SAN/Ctyzzeri/all/results/rmd/UGA_H_KA1_sort.rmd.bam.AD	/SAN/Ctyzzeri/all/results/rmd/UGA_H_KA2_sort.rmd.bam.AD	/SAN/Ctyzzeri/all/results/rmd/USA_H_ID_sort.rmd.bam.AD	/SAN/Ctyzzeri/all/results/rmd/USA_H_MO_sort.rmd.bam.AD	/SAN/Ctyzzeri/all/results/rmd/USA_P_AL1_sort.rmd.bam.AD	/SAN/Ctyzzeri/all/results/rmd/USA_P_AL2_sort.rmd.bam.AD	/SAN/Ctyzzeri/all/results/rmd/USA_P_OR_sort.rmd.bam.AD	/SAN/Ctyzzeri/all/results/rmd/USA_P_WA1_sort.rmd.bam.AD	/SAN/Ctyzzeri/all/results/rmd/USA_P_WA2_sort.rmd.bam.AD	/SAN/Ctyzzeri/all/results/rmd/USA_P_WI_sort.rmd.bam.AD	/SAN/Ctyzzeri/all/results/rmd/USA_T_GA_sort.rmd.bam.AD
Ctyz_1	1211	SNP	0,37	0,47	0,161	0,31	0,48	0,56	0,61	55,0	29,0	37,0	7,0	94,1	102,0	0,40	0,54	0,36	0,21	0,51	0,64	19,0	34,0	2,0	1,0	15,0	0,64	0,14	0,43	0,48	0,48	0,14	0,64	61,0	67,0	130,0	12,0	23,0	43,0	79,0
Ctyz_1	1227	SNP	35,0	46,0	174,0	30,0	50,0	61,0	62,0	0,52	0,25	0,34	0,7	0,95	114,0	40,0	57,0	35,0	20,0	54,0	63,0	0,19	0,33	1,0	0,0	10,0	64,0	17,0	49,0	49,0	48,0	16,0	65,0	0,55	0,68	0,133	0,12	0,21	0,35	76,0
Ctyz_1	1236	SNP	35,0	51,0	173,0	32,0	52,0	70,0	63,0	0,57	0,27	0,36	0,7	0,98	110,0	40,0	62,0	39,0	20,0	50,0	58,0	0,20	0,32	1,0	0,0	11,0	64,0	16,0	45,0	47,0	48,0	18,0	65,0	0,52	0,71	0,140	0,12	0,21	0,35	75,0
Ctyz_1	1253	SNP	38,0	52,0	169,0	31,0	49,0	69,0	55,0	0,56	0,27	0,33	0,7	0,95	114,0	38,0	66,0	37,0	20,0	54,0	60,0	0,20	0,34	1,0	0,0	11,0	63,0	17,0	48,0	47,0	47,0	20,0	67,0	0,55	0,72	1,141	0,11	0,23	0,38	74,0
Ctyz_1	1433	SNP	1,39	2,52	0,149	1,38	0,48	0,51	0,58	58,0	37,0	31,0	7,0	106,0	83,0	0,25	0,56	0,38	0,35	0,129	0,132	16,0	40,0	2,0	24,0	10,0	0,48	1,16	0,45	0,58	1,49	0,16	0,39	47,0	74,0	152,1	13,0	26,0	22,0	78,0
Ctyz_1	1446	SNP	41,0	53,0	152,0	42,0	51,0	53,0	54,0	0,54	0,37	0,30	0,6	0,102	80,0	29,0	58,0	38,0	36,0	125,0	133,0	0,19	0,37	2,0	0,0	13,0	50,0	19,0	45,0	60,0	51,0	11,0	44,0	0,48	0,72	0,150	0,14	1,26	0,23	79,0
Ctyz_1	1508	SNP	49,0	46,0	161,1	40,0	45,0	63,0	53,0	58,0	40,1	27,0	6,0	100,0	90,0	33,0	52,0	34,0	32,0	84,0	77,0	0,13	1,35	1,0	0,0	11,0	47,0	20,0	43,0	60,0	47,0	11,0	45,0	58,0	65,0	152,1	0,20	0,29	0,47	77,0
Ctyz_1	1553	SNP	51,0	38,0	145,0	37,0	42,0	62,0	54,0	0,47	0,41	0,20	0,6	0,82	86,0	32,0	57,0	28,0	31,0	62,0	69,0	0,10	0,37	5,0	0,0	11,0	44,0	16,0	38,0	58,0	48,0	10,0	43,0	0,57	0,46	0,131	0,20	0,25	0,32	76,0
Ctyz_1	1556	SNP	53,0	38,0	150,0	38,0	42,0	62,0	54,0	0,49	0,41	0,23	0,7	0,82	82,0	33,0	58,0	28,0	30,0	62,0	70,0	0,11	0,37	5,0	0,0	11,0	51,0	15,0	37,0	58,0	48,0	11,0	47,0	0,57	0,48	0,131	0,20	0,25	0,34	76,0
Ctyz_1	1571	SNP	54,0	40,0	153,0	43,0	42,0	69,0	53,0	0,54	0,44	0,32	0,7	0,89	91,0	34,0	62,0	24,0	28,0	58,0	66,0	0,17	0,44	10,0	1,0	11,0	54,0	19,0	39,0	59,0	46,0	11,0	49,0	0,63	0,56	0,145	0,23	0,28	0,52	77,0
Ctyz_1	1595	SNP	52,0	50,0	133,0	41,0	46,0	70,0	57,0	58,0	44,0	31,0	6,0	97,0	84,0	37,0	0,60	0,27	0,25	49,0	0,53	20,0	43,0	4,0	0,0	13,0	46,0	19,0	44,0	0,59	0,45	0,11	50,0	71,0	61,0	149,0	25,0	30,0	45,0	72,0
Ctyz_1	1600	SNP	53,0	50,0	131,0	42,1	49,0	73,0	59,0	0,52	0,44	0,30	0,6	0,98	90,0	38,0	60,0	27,0	26,0	50,0	52,0	0,20	0,40	4,0	0,0	12,0	48,0	15,0	42,0	61,0	46,0	11,0	52,0	0,72	1,60	0,145	0,25	0,31	0,43	74,0
Ctyz_1	1708	SNP	40,0	66,0	147,0	44,0	45,0	60,0	58,0	0,59	0,37	0,34	0,4	0,95	101,0	39,0	67,0	22,0	16,0	61,0	89,0	24,0	38,0	4,0	1,0	11,0	49,0	21,0	45,0	54,0	49,0	15,0	59,0	77,0	81,0	161,1	24,0	30,0	31,0	65,0
Ctyz_1	1726	SNP	0,37	0,62	0,155	1,37	0,43	0,55	0,57	62,0	36,0	35,0	5,0	91,0	94,0	0,36	0,69	0,20	0,16	1,63	0,95	26,0	43,0	2,0	0,0	11,0	0,52	0,22	0,50	0,55	0,49	0,12	0,65	75,1	80,0	150,1	20,0	29,0	29,0	62,0
Ctyz_1	1927	SNP	0,44	0,51	1,158	1,41	0,34	0,60	0,41	61,0	31,1	46,0	9,0	87,0	89,0	0,26	0,47	0,20	0,19	0,19	0,27	18,0	33,0	4,0	0,0	10,0	0,41	0,15	0,66	0,33	0,26	0,12	0,50	74,1	68,0	142,1	13,0	26,0	39,0	55,0
Ctyz_1	1928	SNP	51,0	52,0	169,0	41,1	35,0	62,0	42,0	0,56	0,31	0,47	0,9	0,86	97,0	26,0	48,0	21,0	19,0	19,0	28,0	1,16	0,34	4,0	0,0	11,0	44,0	15,0	69,0	33,0	27,0	12,0	51,0	1,71	0,68	1,142	0,14	0,25	0,39	56,0
Ctyz_1	2417	SNP	0,41	0,48	0,182	0,66	0,41	0,57	0,66	0,37	0,17	0,21	13,5	0,64	69,0	0,20	0,69	0,49	0,20	0,26	0,37	0,20	1,27	10,0	8,0	12,0	0,53	0,21	0,52	0,61	0,51	0,15	0,60	0,58	0,46	0,154	0,10	0,21	0,17	79,0
Ctyz_1	2436	SNP	0,42	0,43	0,183	0,71	0,41	0,56	0,70	38,0	17,0	17,0	156,0	67,0	69,0	0,20	0,66	0,50	0,25	4,30	0,46	22,0	27,0	172,0	102,0	134,0	0,50	2,21	0,47	0,56	1,53	0,17	0,57	52,1	45,0	158,0	11,0	21,1	20,0	78,0
Ctyz_1	3062	SNP	0,55	0,57	0,206	0,77	0,61	0,75	0,72	63,0	52,0	39,1	10,0	94,0	83,0	0,28	0,53	0,38	0,26	0,37	0,45	45,0	28,0	1,0	1,0	13,0	0,54	0,25	0,56	0,50	0,52	0,25	0,67	86,0	73,0	191,0	16,0	19,0	21,0	71,0
Ctyz_1	3616	SNP	0,59	0,51	0,195	0,75	0,69	0,66	0,77	40,0	20,0	15,0	10,0	82,0	36,0	0,13	0,44	0,39	0,12	0,14	0,5	34,0	26,0	124,0	2,0	11,0	0,63	0,18	0,56	0,46	0,33	0,13	0,48	79,0	47,0	208,0	14,0	21,0	18,0	20,0
Ctyz_1	3670	SNP	0,60	0,45	0,187	0,75	0,69	0,63	0,77	40,0	18,0	15,0	10,1	83,0	35,0	0,10	0,41	0,35	0,11	0,14	0,10	34,0	28,0	8,0	0,0	11,0	0,56	0,19	0,52	0,45	0,28	0,22	0,63	77,0	44,0	209,0	14,0	22,0	14,0	26,0
Ctyz_1	3801	SNP	0,52	0,43	0,162	0,76	0,63	0,62	0,78	26,0	14,0	10,0	12,1	95,0	36,0	0,10	0,43	0,36	0,13	0,5	0,11	29,0	25,0	18,0	36,0	43,0	0,43	0,8	0,55	0,37	0,22	0,22	0,43	56,0	53,0	193,0	14,0	22,0	21,0	29,0
Ctyz_1	3844	SNP	64,0	52,0	184,0	87,0	67,0	64,0	72,0	27,0	8,0	14,0	12,0	106,1	44,0	11,0	47,0	30,0	12,0	18,0	15,0	0,25	2,24	0,0	0,0	12,0	55,0	13,0	60,0	36,0	28,0	28,0	59,0	0,60	0,59	0,180	0,16	0,22	0,24	29,0
Ctyz_1	3872	SNP	62,0	51,0	185,0	92,0	67,0	78,0	77,0	0,27	0,10	0,13	1,13	0,109	41,0	12,0	52,0	34,0	18,0	21,0	20,0	0,21	2,25	2,0	0,0	13,0	63,0	17,0	65,0	41,0	29,0	30,0	61,0	0,60	0,55	0,175	0,16	0,22	0,20	39,0
Ctyz_1	3882	SNP	64,0	49,0	181,0	86,0	68,0	78,0	71,0	0,26	0,10	0,14	1,13	0,108	45,0	13,0	55,0	33,0	20,0	22,0	18,0	0,21	2,28	9,0	1,0	11,0	61,0	18,0	69,0	45,0	30,0	32,0	60,0	0,57	0,55	0,171	0,16	0,21	0,16	40,0
Ctyz_1	3883	SNP	62,0	51,0	185,0	85,0	69,0	77,0	72,0	0,25	0,9	0,14	1,13	0,108	46,0	13,0	57,0	32,0	19,0	23,0	18,0	0,21	1,29	10,0	1,0	11,0	64,0	17,0	66,0	44,0	31,0	32,0	60,0	0,58	0,55	0,171	0,16	0,21	1,16	41,0
Ctyz_1	3884	SNP	0,63	0,50	0,177	0,83	0,66	0,75	0,71	26,0	10,0	15,0	13,1	108,0	46,0	0,13	0,57	0,33	0,18	0,22	0,18	21,0	30,0	11,0	1,0	11,0	0,60	0,19	0,62	0,44	0,31	0,27	0,59	58,0	55,0	171,0	16,0	21,0	18,0	40,0
Ctyz_1	3916	SNP	0,65	0,57	0,178	0,83	0,69	0,88	0,70	30,0	10,0	14,1	16,0	112,0	51,0	0,14	0,58	0,40	0,22	0,37	0,37	25,0	31,0	3,0	0,0	10,0	0,64	0,16	0,63	0,45	0,29	0,25	0,52	63,0	60,0	180,0	15,0	23,0	19,0	43,0
Ctyz_1	3974	SNP	0,56	0,48	0,181	0,78	0,70	0,79	0,66	32,0	9,0	16,0	16,0	117,0	59,0	0,15	0,55	0,42	0,25	0,78	0,108	23,0	32,0	2,0	2,0	10,0	0,52	0,15	0,58	0,46	0,28	0,22	0,49	71,0	59,0	188,0	18,0	23,0	20,0	48,0
Ctyz_1	4381	SNP	0,63	0,64	0,193	0,67	0,65	0,65	0,62	64,0	34,0	35,0	17,0	118,1	80,0	0,26	0,67	0,38	0,33	0,35	0,47	26,0	34,0	3,0	1,0	5,0	0,66	0,17	0,62	0,54	0,54	0,28	0,46	69,0	72,0	194,0	11,0	38,0	25,0	98,0
Ctyz_1	4444	SNP	0,65	0,62	0,210	0,79	0,55	0,79	0,68	64,0	41,0	40,0	18,0	105,0	82,0	0,26	0,64	0,34	0,36	0,41	0,62	29,0	38,0	2,0	0,0	12,0	0,84	0,17	0,61	0,58	0,66	0,27	0,50	66,0	81,0	193,0	12,0	43,0	33,0	106,0
Ctyz_1	4459	SNP	0,65	0,58	0,221	0,77	0,52	0,81	0,74	59,0	40,0	37,0	16,0	107,0	84,0	0,30	0,64	0,34	0,33	0,40	0,71	30,0	38,0	3,0	1,0	11,0	0,86	0,17	0,68	0,63	0,70	0,27	0,57	65,0	86,0	190,0	12,0	44,0	30,0	101,0
Ctyz_1	4492	SNP	0,67	0,64	0,218	0,80	1,60	0,77	0,69	59,1	44,0	43,0	16,0	110,0	93,0	0,30	0,66	0,40	0,31	0,55	0,78	33,0	38,0	3,0	1,0	11,0	0,79	0,17	0,69	0,65	0,73	0,20	0,60	67,0	80,0	194,0	11,0	42,0	31,0	104,0
Ctyz_1	4498	SNP	0,62	0,59	0,207	0,77	1,66	0,83	0,69	57,0	43,0	40,0	16,0	110,0	94,0	0,32	0,68	0,39	0,30	0,58	0,84	33,0	38,0	3,0	1,0	11,0	0,82	0,18	0,69	0,64	0,74	0,17	0,62	67,0	81,0	190,0	11,0	42,0	30,0	108,0
Ctyz_1	4507	SNP	63,0	66,0	211,0	78,0	63,1	82,0	76,0	0,58	0,44	0,44	0,16	0,105	90,0	32,0	67,0	40,0	26,0	59,0	81,0	0,31	0,37	3,0	0,0	10,0	80,0	17,0	73,0	70,0	73,0	19,0	70,0	0,65	0,80	0,190	0,12	0,43	0,28	109,0
Ctyz_1	5143	SNP	51,0	66,0	228,1	85,0	74,0	70,0	84,0	0,43	0,21	0,41	0,10	0,101	67,0	20,0	65,0	44,0	22,0	82,0	67,0	0,27	1,26	17,0	1,0	3,0	80,0	12,0	59,0	50,0	45,0	23,0	66,0	0,75	1,72	0,176	0,22	0,22	0,25	56,0
Ctyz_1	5519	SNP	50,0	55,0	214,1	62,0	64,0	77,0	83,0	0,43	0,43	0,22	0,14	0,123	58,0	34,0	70,0	42,0	31,0	70,0	81,0	0,29	1,30	3,0	0,0	10,0	62,0	11,0	77,0	61,0	46,0	34,0	88,0	1,59	1,94	1,180	0,12	0,21	0,19	93,0
Ctyz_1	5539	SNP	51,0	57,1	220,0	61,0	63,0	73,0	79,0	0,43	0,40	0,22	0,13	0,117	61,0	31,0	70,0	39,0	26,0	70,0	68,0	0,29	0,29	6,0	0,0	10,0	59,0	11,0	78,0	64,0	47,0	34,0	89,0	1,61	0,88	2,172	0,13	0,26	0,18	85,0
Ctyz_1	8129	SNP	65,0	79,0	227,0	103,0	82,0	77,0	109,0	0,66	0,57	0,41	0,10	0,104	61,0	26,0	44,0	34,0	32,0	47,0	74,0	49,0	42,0	4,0	1,0	11,0	91,0	44,0	88,0	58,0	28,0	42,0	93,0	103,0	127,0	195,0	11,0	28,0	44,0	88,0
Ctyz_1	8287	SNP	0,53	0,82	0,206	0,85	0,89	0,103	0,110	0,53	0,47	0,33	0,14	0,111	54,0	0,26	0,88	0,35	0,22	0,41	0,39	0,38	0,45	11,0	6,0	14,0	0,76	0,29	0,86	0,49	0,34	0,32	0,95	2,99	1,123	0,211	0,11	0,18	0,45	97,1
Ctyz_1	10210	SNP	78,0	106,0	234,0	119,0	119,0	107,0	102,0	0,89	0,64	0,48	0,24	0,97	85,0	33,0	58,0	36,0	10,0	35,0	22,0	56,0	49,0	18,0	16,0	11,0	117,0	45,0	115,0	43,0	39,0	63,0	136,0	147,0	170,0	202,0	11,0	30,0	42,0	102,0
Ctyz_1	10272	SNP	0,89	0,98	0,222	0,93	0,121	0,98	0,92	103,0	68,0	51,0	24,0	116,0	91,0	0,34	0,62	0,39	0,14	0,64	0,78	53,0	48,0	11,0	0,0	15,0	0,117	0,52	0,94	0,49	0,38	0,52	1,113	131,2	170,1	207,0	19,0	33,1	52,0	108,0
Ctyz_1	16923	SNP	116,0	143,0	226,0	92,0	147,0	155,0	139,0	0,93	0,64	0,76	0,95	0,123	101,0	29,0	63,0	40,0	38,0	70,0	71,0	0,52	3,60	4,0	2,0	10,0	145,0	133,0	130,0	45,0	48,0	110,0	195,0	1,143	1,156	0,193	0,23	0,41	0,47	77,0
Ctyz_1	17479	SNP	97,0	87,0	223,0	41,0	117,0	112,0	144,0	0,47	0,48	0,44	0,76	0,121	99,0	16,0	60,0	43,0	24,0	27,0	33,0	0,53	3,60	5,0	0,0	10,0	112,0	105,0	96,0	45,0	39,0	70,0	168,0	2,125	0,145	0,190	0,28	0,34	0,48	83,0
Ctyz_1	17858	SNP	96,0	97,0	223,0	37,0	96,0	114,0	115,0	0,75	0,62	0,64	0,84	0,137	100,0	30,0	70,0	52,0	28,0	164,0	152,0	0,43	1,45	0,0	0,0	10,0	102,0	73,0	112,0	61,0	49,0	66,0	168,0	1,134	0,144	0,192	0,28	0,43	0,55	113,0
Ctyz_1	17901	SNP	0,84	1,92	0,207	1,36	0,87	0,119	0,109	72,0	60,0	60,0	90,0	141,0	111,0	0,29	0,63	0,44	0,27	0,120	0,95	40,0	48,0	0,0	2,0	14,0	0,104	0,73	0,107	0,60	0,47	0,63	0,160	134,1	145,0	194,0	26,0	44,0	59,0	107,0
Ctyz_1	17908	SNP	81,0	93,0	216,0	38,0	87,0	120,0	118,0	0,72	0,58	0,55	0,88	0,136	113,0	34,0	63,0	47,0	29,0	123,0	95,0	0,39	1,48	1,0	2,0	14,0	102,0	73,0	106,0	60,0	48,0	65,0	163,0	1,131	0,135	0,186	0,26	0,40	0,56	108,0
Ctyz_1	17940	SNP	79,0	97,0	220,0	43,0	93,1	113,0	115,0	67,0	51,0	52,0	90,0	127,0	106,0	31,0	58,0	46,0	23,0	83,0	65,0	0,37	2,49	0,0	0,0	11,0	104,0	74,0	100,0	58,0	41,0	76,0	157,0	128,0	148,0	178,1	0,27	0,40	0,59	111,0
Ctyz_1	17950	SNP	0,76	0,89	1,213	0,41	1,87	0,104	0,109	65,0	51,0	53,0	89,1	124,1	102,0	0,29	0,56	0,47	0,22	0,73	0,56	37,0	50,0	3,0	1,0	11,0	0,96	0,73	0,98	0,54	0,42	0,68	0,148	130,1	149,0	173,0	28,0	39,0	64,0	111,0
Ctyz_1	18043	SNP	77,0	87,0	210,0	54,0	84,1	85,0	99,0	67,0	50,0	48,0	82,0	116,0	78,0	22,0	49,0	36,0	19,0	39,0	52,0	0,26	1,41	3,0	0,0	11,0	82,0	91,0	84,0	51,1	41,0	67,0	144,0	1,116	0,148	2,166	0,18	0,39	0,46	79,0
Ctyz_1	18053	SNP	0,73	0,86	0,204	0,46	1,88	0,78	0,97	64,0	50,0	53,0	78,1	112,0	73,0	0,22	0,49	0,34	0,17	0,37	0,45	24,0	43,0	3,0	0,0	12,0	0,78	0,88	0,82	0,50	0,38	0,60	0,121	114,1	152,0	166,0	18,0	35,0	42,0	80,0
Ctyz_1	18102	SNP	79,0	84,0	223,0	46,0	84,0	86,0	101,0	0,61	1,50	0,40	1,78	0,116	61,0	19,0	44,0	36,0	15,0	42,0	48,0	0,24	1,52	3,0	0,0	14,0	80,0	90,0	75,0	41,0	40,0	57,0	124,0	2,106	0,144	0,175	1,17	0,29	0,42	64,0
Ctyz_1	18140	SNP	0,60	0,66	0,211	0,38	0,85	0,79	0,89	69,0	50,0	50,0	76,0	107,0	75,0	0,19	0,48	0,36	0,12	0,34	0,39	26,0	47,0	4,0	0,0	13,0	0,77	0,76	0,67	0,35	0,40	0,45	0,108	101,3	140,0	176,0	19,0	30,0	36,0	63,0
Ctyz_1	18193	SNP	78,0	71,0	224,0	44,0	94,0	79,0	106,0	0,57	0,51	0,52	1,63	0,111	87,0	26,0	52,0	36,0	11,0	35,0	43,0	0,26	1,43	3,0	0,0	12,0	79,0	83,0	80,0	29,0	43,0	52,0	131,0	2,98	0,141	1,183	0,21	0,25	0,36	75,0
Ctyz_1	18204	SNP	0,78	0,79	0,216	0,39	0,87	0,83	0,103	62,0	54,0	54,0	66,0	118,0	88,0	0,27	0,55	0,37	0,12	0,43	0,64	29,0	44,0	2,0	0,0	12,0	0,76	0,80	0,80	0,32	0,43	0,55	0,125	107,1	142,0	187,0	21,0	22,0	37,0	75,0
Ctyz_1	18240	SNP	0,83	0,82	0,214	0,51	0,77	0,87	0,102	57,0	58,0	58,0	70,0	119,0	97,0	0,27	0,57	0,36	0,14	0,85	0,99	30,0	45,0	1,0	1,0	17,0	0,75	0,80	0,91	0,36	0,42	0,59	0,116	104,1	136,0	178,0	23,0	20,0	46,0	89,0
Ctyz_1	18253	SNP	0,81	0,80	0,216	0,55	0,69	0,88	1,99	64,0	59,0	64,0	73,0	113,0	99,0	0,26	0,54	0,36	0,14	0,86	0,109	28,1	47,0	2,0	0,0	16,0	0,76	0,85	0,86	0,36	0,42	0,55	0,104	105,1	137,0	174,1	21,0	18,1	45,0	90,0
Ctyz_1	18259	SNP	0,78	0,76	0,219	0,55	0,67	0,84	0,97	65,0	58,0	69,0	75,0	114,0	98,0	0,27	0,56	0,34	0,14	0,90	0,113	29,0	47,0	2,0	0,0	16,0	0,68	0,81	0,82	0,36	0,44	1,51	0,106	105,1	138,0	175,0	20,0	19,0	41,0	91,0
Ctyz_1	18266	SNP	0,79	1,81	0,220	0,54	0,62	0,86	0,100	70,0	53,0	65,0	75,0	118,0	98,0	0,27	0,55	0,35	0,14	0,93	0,121	29,0	45,0	1,0	0,0	13,0	0,67	0,86	0,85	0,36	0,44	0,53	0,115	103,1	144,0	179,1	21,0	18,0	38,0	93,0
Ctyz_1	18283	SNP	85,0	92,0	220,0	57,1	65,0	89,0	118,0	0,69	0,53	0,65	0,73	0,115	87,0	31,0	60,0	35,0	15,0	134,0	160,0	0,28	0,43	1,0	1,0	11,0	80,0	90,0	85,0	37,0	47,0	54,0	126,0	1,100	0,144	0,177	0,19	0,20	0,30	93,0
Ctyz_1	18287	SNP	82,0	91,0	218,0	54,0	64,0	88,0	118,0	0,69	0,51	0,64	0,74	0,114	85,1	30,0	61,0	35,0	16,0	135,0	161,0	0,26	0,42	5,0	3,0	13,0	82,0	90,0	81,0	37,0	49,0	57,0	127,0	1,97	0,141	0,178	0,19	0,20	0,30	97,0
Ctyz_1	18508	SNP	0,87	0,88	0,218	0,47	0,81	0,116	0,107	84,0	58,0	69,0	100,0	122,0	95,0	0,42	0,51	0,34	0,24	0,177	0,183	31,0	46,0	4,0	0,0	10,0	0,106	0,81	0,95	0,39	0,56	0,64	0,162	104,3	134,0	194,0	21,0	33,0	47,0	89,0
Ctyz_1	18598	SNP	0,100	0,97	0,223	0,48	0,83	0,109	0,120	74,0	51,0	63,0	86,0	125,0	100,0	0,47	0,60	1,42	0,17	0,138	0,107	33,0	42,0	3,0	1,0	12,0	0,117	0,104	0,87	0,36	1,50	0,65	0,162	113,3	123,1	180,0	23,0	34,0	45,0	94,0
Ctyz_1	18604	SNP	0,97	0,95	0,221	0,44	0,82	0,112	0,125	72,0	50,0	60,0	80,1	125,0	103,0	0,45	0,59	0,42	0,15	0,122	0,103	34,0	44,0	3,0	1,0	11,0	0,115	8,99	0,93	0,38	0,48	0,63	0,166	113,3	127,0	170,0	24,0	33,0	46,0	90,0
Ctyz_1	18616	SNP	0,96	0,94	0,214	0,42	0,78	0,108	0,111	66,0	45,0	59,0	85,1	126,0	100,0	0,47	0,63	0,42	0,16	0,112	0,104	37,0	44,0	3,0	1,0	11,0	1,110	0,110	0,100	0,38	0,47	0,61	0,167	113,3	125,0	169,0	24,1	30,0	44,0	88,0
Ctyz_1	18620	SNP	0,99	0,95	0,202	0,43	0,78	0,109	0,114	70,0	49,0	58,0	83,1	126,0	100,0	0,47	0,63	0,42	0,15	0,109	0,101	0,37	0,45	2,0	1,0	11,0	0,106	0,110	0,98	0,37	0,45	0,64	0,171	0,120	0,121	0,165	0,25	0,29	0,44	89,0
Ctyz_1	18634	SNP	96,0	101,0	214,0	42,0	86,0	111,0	115,0	0,71	0,48	0,57	1,83	0,125	86,0	45,0	58,0	44,0	18,0	96,0	96,0	37,0	44,0	1,0	2,0	13,0	105,0	120,0	95,0	35,0	46,0	75,0	175,0	4,120	121,1	175,0	27,0	30,0	39,0	86,0
Ctyz_1	18673	SNP	106,0	108,0	233,0	51,0	92,0	131,0	111,0	0,74	0,45	0,55	0,85	0,117	95,0	36,0	61,0	40,0	19,0	68,0	85,0	0,43	0,44	3,0	1,0	16,0	103,0	117,0	101,0	34,0	46,0	72,0	0,181	4,127	0,116	0,165	0,24	0,25	0,39	75,0
Ctyz_1	18722	SNP	0,103	0,109	0,215	0,41	0,89	0,129	0,107	68,0	47,0	48,0	91,1	118,0	98,0	0,34	0,60	1,45	0,18	0,55	0,70	42,0	43,0	5,0	0,0	10,0	0,105	0,98	0,95	0,41	0,43	0,63	0,154	125,4	118,0	171,0	23,0	24,0	38,0	67,0
Ctyz_1	18757	SNP	0,90	0,106	0,215	0,47	0,93	0,115	0,110	62,0	45,0	43,0	83,5	113,0	89,0	0,30	0,65	1,44	0,21	0,32	0,35	43,0	39,0	3,0	1,0	11,0	0,103	0,90	0,101	0,37	0,39	0,56	0,138	126,3	111,0	168,0	22,0	25,0	41,0	50,1
Ctyz_1	18976	SNP	0,100	0,97	0,214	0,31	0,102	0,111	0,111	52,0	48,0	41,0	82,1	95,1	89,0	0,29	0,54	0,35	0,17	0,19	0,37	38,0	37,0	1,0	3,0	11,0	0,114	0,102	0,89	0,39	0,41	0,66	0,135	120,5	90,0	145,1	17,0	28,0	39,0	36,0
Ctyz_1	19160	SNP	0,76	0,82	0,228	0,44	0,98	0,101	0,112	59,0	38,0	42,0	75,1	98,1	71,0	0,24	0,71	0,31	0,32	0,56	0,103	49,0	42,0	2,0	0,0	11,0	0,97	0,95	0,90	0,48	0,57	0,49	0,127	109,1	91,0	140,0	13,0	23,0	34,0	59,0
Ctyz_1	19163	SNP	77,0	86,0	228,0	46,0	102,0	101,0	113,0	0,58	0,35	0,40	1,74	1,98	73,0	24,0	71,0	32,0	33,0	58,0	101,0	0,46	1,41	6,0	0,0	11,0	106,0	98,0	103,0	48,0	57,0	52,0	129,0	1,109	0,88	0,142	0,12	0,23	0,34	59,0
Ctyz_1	19261	SNP	80,0	91,0	235,0	39,0	98,0	92,0	117,0	0,60	0,29	0,36	1,77	1,85	67,0	27,0	74,0	24,0	28,0	40,0	38,0	0,44	0,40	2,0	10,0	15,0	85,0	91,0	96,0	53,0	46,0	53,0	133,0	3,93	0,81	0,137	0,19	0,23	0,37	51,0
Ctyz_1	19276	SNP	0,86	0,94	0,227	0,44	0,85	0,88	0,121	60,0	29,0	34,0	81,1	83,0	71,0	0,23	0,71	0,23	0,20	0,40	0,31	47,0	40,0	1,0	1,0	14,0	0,83	0,94	0,96	0,54	0,41	1,52	0,141	94,3	77,0	137,0	17,0	24,0	36,0	53,0
Ctyz_1	19543	SNP	72,0	86,0	207,0	45,0	99,0	101,0	104,0	0,31	0,20	0,21	1,79	0,89	47,0	14,0	51,0	27,0	17,0	27,0	35,0	0,39	0,39	8,0	0,0	14,0	98,0	87,1	87,0	31,0	35,0	47,0	101,0	2,108	0,62	0,157	0,13	0,29	0,35	21,0
Ctyz_1	19549	SNP	0,70	0,82	0,210	0,40	0,100	0,98	0,100	32,0	20,0	21,0	85,0	91,0	49,0	0,14	0,47	0,26	0,16	0,24	0,31	40,0	40,0	8,0	0,0	14,0	0,98	0,90	0,89	0,30	0,35	0,45	0,104	110,2	67,0	155,0	14,0	31,0	37,0	22,0
Ctyz_1	19582	SNP	0,68	0,74	0,200	0,37	0,98	0,97	0,97	23,0	13,0	21,0	85,0	93,0	43,0	0,13	0,45	0,24	0,12	0,10	0,13	41,0	46,0	18,0	3,0	20,0	0,85	0,100	0,95	0,27	0,30	0,49	0,101	108,2	68,0	155,0	11,0	31,0	27,0	22,0
Ctyz_1	19642	SNP	77,0	82,0	195,0	44,0	107,0	93,0	95,0	0,28	0,13	1,16	0,81	0,88	41,0	15,0	46,0	20,0	7,0	13,0	10,0	0,36	1,45	5,0	0,0	13,0	88,0	106,0	91,0	25,0	28,0	46,0	101,0	2,94	0,64	0,141	0,14	0,26	0,20	20,0
Ctyz_1	19923	SNP	0,66	1,80	0,213	0,41	0,87	0,103	0,105	41,0	34,0	23,0	103,0	107,0	51,0	0,22	0,55	0,37	0,15	0,24	0,26	35,0	40,0	6,0	0,0	15,0	0,93	0,88	0,80	0,53	0,43	1,55	0,117	108,0	78,0	151,0	10,0	36,0	30,0	41,0
Ctyz_1	19952	SNP	73,0	82,0	212,0	50,0	85,0	97,0	113,0	42,0	34,0	25,0	96,0	101,0	58,0	21,0	58,0	35,0	15,0	19,0	14,0	0,31	1,39	4,0	0,0	10,0	96,0	89,0	79,0	48,0	43,0	59,0	121,0	95,0	77,0	150,1	0,10	0,36	0,30	38,0
Ctyz_1	19990	SNP	70,0	73,0	202,0	43,0	98,0	104,0	111,0	0,43	0,34	0,25	0,81	0,84	58,0	22,0	58,0	37,0	10,0	13,0	11,0	32,0	47,0	5,0	0,0	13,0	95,0	97,0	71,0	45,0	40,0	53,0	122,0	98,0	77,0	142,0	10,0	30,0	23,0	37,0
Ctyz_1	20189	SNP	64,0	85,0	220,0	40,1	82,0	107,0	86,0	50,0	32,0	35,0	91,1	102,0	75,0	27,0	43,0	42,0	31,0	31,0	24,0	0,32	1,50	4,0	3,0	15,0	97,0	80,0	94,0	49,0	37,0	59,0	148,0	0,93	0,94	0,118	0,10	0,26	0,24	88,0
Ctyz_1	20195	SNP	0,58	0,79	0,225	1,40	0,88	0,105	0,87	43,0	35,0	35,0	95,0	102,0	75,0	0,28	0,43	0,42	0,31	0,30	0,24	30,0	51,0	5,0	4,0	16,0	0,95	0,78	0,96	0,48	0,36	0,56	0,141	97,0	99,1	119,0	10,0	27,0	28,0	87,0
Ctyz_1	20488	SNP	66,0	76,0	225,0	38,2	85,0	108,0	102,0	49,0	31,0	39,0	93,0	91,0	78,0	24,0	54,0	30,0	13,0	17,0	16,0	0,36	1,45	13,0	1,0	6,0	100,0	92,0	90,0	53,0	47,0	65,0	138,0	0,83	0,98	0,117	0,15	0,23	0,24	90,0
Ctyz_1	20490	SNP	65,0	74,0	222,0	38,2	91,0	104,0	101,0	51,0	33,0	40,0	92,0	92,0	83,0	24,0	52,0	29,0	14,0	18,0	17,0	0,36	2,44	12,0	1,0	6,0	99,0	93,0	93,0	53,0	47,0	65,0	139,0	0,82	0,97	0,117	0,15	0,23	0,23	92,0
Ctyz_1	20538	SNP	62,0	81,0	223,0	31,0	101,0	116,0	110,0	0,55	0,35	0,42	0,106	0,97	84,0	24,0	58,0	26,0	18,0	23,0	26,0	0,38	1,47	0,0	1,0	11,0	94,0	91,0	89,0	51,0	55,0	67,0	136,0	0,88	0,110	0,115	0,13	0,28	0,24	101,0
Ctyz_1	20582	SNP	68,0	88,0	224,0	27,0	112,0	108,0	113,1	0,48	0,39	0,45	0,110	0,92	78,0	23,0	61,0	28,0	26,0	45,0	46,0	0,32	0,51	2,0	0,0	10,0	90,0	96,0	81,0	50,0	50,0	70,0	167,0	0,90	0,109	0,124	0,15	0,30	0,23	105,0
Ctyz_1	20767	SNP	0,74	0,74	0,220	0,32	0,88	0,86	0,108	54,0	43,0	40,0	112,0	101,0	70,0	0,18	0,62	0,36	0,19	0,69	0,71	29,0	44,0	2,0	0,0	13,0	0,84	0,79	0,69	0,45	0,60	0,52	0,116	92,0	107,0	130,0	20,0	29,0	42,0	73,0
Ctyz_1	20773	SNP	0,75	0,74	0,220	0,33	0,87	0,88	0,110	53,0	42,0	38,0	108,0	102,0	68,0	0,19	0,61	0,38	0,18	0,65	0,66	30,0	44,0	2,0	0,0	12,0	0,88	0,84	0,68	0,44	0,57	0,53	0,116	94,0	104,0	130,0	19,0	27,0	43,0	68,0
Ctyz_1	20806	SNP	0,75	0,75	0,202	0,41	0,88	0,88	0,106	54,0	43,0	37,0	104,0	95,0	62,0	22,0	60,0	42,0	20,0	0,48	40,0	30,0	39,0	1,0	0,0	16,0	0,95	0,78	65,0	42,0	53,0	69,0	0,133	99,0	110,0	136,0	18,0	28,0	38,0	52,0
Ctyz_1	20821	SNP	0,80	0,70	0,212	0,39	0,87	0,91	0,94	53,0	39,0	36,0	101,0	91,0	59,0	0,22	1,60	0,40	0,19	0,41	0,31	29,0	40,0	1,0	0,0	16,0	0,93	0,81	0,70	0,42	0,50	0,69	0,135	102,0	107,0	137,0	18,0	31,0	38,0	51,0
Ctyz_1	20887	SNP	70,0	77,0	223,0	40,0	100,0	88,0	123,0	0,50	0,33	0,37	0,98	0,83	70,0	23,0	67,0	44,0	15,0	14,0	17,0	0,27	0,49	4,0	1,0	17,0	102,0	103,0	90,0	36,0	51,0	60,0	136,0	0,103	0,108	0,140	0,20	0,34	1,36	36,0
Ctyz_1	20923	SNP	0,73	0,75	0,198	0,43	0,99	0,85	0,116	50,0	35,0	36,0	111,0	89,0	81,0	0,19	0,65	1,47	0,12	0,17	0,27	27,0	46,0	3,0	0,0	14,0	0,85	0,105	0,83	0,36	0,50	0,52	0,118	103,0	107,0	137,0	22,0	35,0	41,1	35,0
Ctyz_1	20929	SNP	83,0	77,0	203,1	41,0	100,0	91,0	121,0	48,0	34,0	32,0	106,0	86,0	72,0	19,0	64,0	46,0	14,0	20,0	25,0	0,28	0,43	3,0	0,0	13,0	93,0	111,0	85,0	37,0	48,0	51,0	123,0	0,99	1,103	0,134	0,22	0,34	1,36	36,0
Ctyz_1	20937	SNP	77,0	79,0	211,0	36,0	99,0	87,0	121,0	0,46	0,33	0,33	0,102	1,81	81,0	17,0	62,0	47,0	14,0	21,0	23,0	0,28	0,42	4,0	0,0	11,0	88,0	111,0	82,0	36,0	47,0	52,0	118,0	1,99	0,98	0,132	0,22	0,33	0,32	35,0
Ctyz_1	20942	SNP	0,73	0,73	0,206	0,35	0,92	0,80	0,116	48,0	31,0	32,0	105,0	79,0	79,0	0,17	0,60	0,46	0,14	0,21	0,24	29,0	43,0	6,0	0,0	11,0	0,81	0,102	0,80	0,34	0,47	0,42	0,108	98,1	98,0	136,0	22,0	33,0	35,0	39,0
Ctyz_1	21043	SNP	0,73	0,81	0,213	0,26	0,85	0,76	0,115	44,0	31,0	38,0	118,0	86,0	64,0	0,17	0,56	0,43	0,15	0,24	0,27	29,0	41,0	5,0	0,0	16,0	0,77	0,89	0,80	0,34	0,39	0,56	0,143	97,1	100,0	142,0	25,0	33,0	24,0	33,0
Ctyz_1	21963	SNP	0,63	0,78	0,197	0,39	0,81	0,75	0,85	37,0	35,0	20,0	121,0	92,0	52,0	0,24	0,58	0,30	0,22	0,43	0,63	39,0	34,0	5,0	1,0	13,0	0,68	0,87	0,77	0,44	0,32	0,43	0,104	83,0	88,0	153,1	19,0	20,0	35,0	61,0
Ctyz_1	21978	SNP	65,0	81,0	208,0	41,0	90,0	87,0	88,0	0,35	0,37	0,23	0,117	0,95	54,0	25,0	59,0	35,0	20,0	41,0	69,0	0,37	0,33	3,0	0,0	12,0	76,0	93,0	77,0	47,0	35,0	60,0	118,0	0,84	0,86	0,157	0,18	0,21	0,34	62,0
Ctyz_1	21999	SNP	0,69	0,76	1,199	0,35	0,85	0,82	0,90	35,0	39,0	22,0	117,0	94,0	53,0	0,29	0,59	0,36	0,21	0,32	0,55	39,0	32,0	3,0	1,0	10,0	0,75	0,93	0,73	0,51	0,36	0,59	0,117	82,0	90,0	163,0	18,0	24,0	39,0	65,0
Ctyz_1	22012	SNP	0,64	0,69	0,185	0,31	0,85	0,81	0,80	34,0	40,0	23,0	118,0	92,0	54,0	0,29	0,59	0,33	1,21	0,24	0,47	40,0	33,0	3,0	1,0	26,0	0,72	0,82	0,69	0,49	0,33	0,42	0,105	79,0	83,0	154,0	18,0	25,0	37,0	61,0
Ctyz_1	22030	SNP	70,0	77,0	197,0	39,0	96,0	90,0	83,0	0,29	1,33	1,24	0,110	0,93	52,0	33,0	61,0	39,0	23,0	24,0	46,0	0,35	0,31	3,0	1,0	11,0	84,0	84,0	80,0	49,0	36,0	47,0	122,0	1,75	1,77	0,138	0,19	0,23	0,28	65,0
Ctyz_1	22061	SNP	0,45	0,48	0,129	0,20	0,57	0,61	0,50	28,0	36,0	26,0	103,0	94,0	62,0	0,32	0,52	0,30	0,15	0,12	0,25	33,0	30,0	2,0	0,0	11,0	0,60	0,52	0,41	0,41	0,30	0,14	0,64	74,0	71,0	131,0	21,0	24,0	19,0	70,0
Ctyz_1	22071	SNP	44,0	47,0	129,0	20,0	59,0	61,0	50,0	0,27	0,33	0,23	0,101	0,91	63,0	32,0	52,0	30,0	15,0	11,0	25,0	0,33	1,29	1,0	0,0	12,0	59,0	55,0	43,0	40,0	30,0	14,0	64,0	0,69	0,67	0,126	0,21	0,23	0,15	70,0
Ctyz_1	22073	SNP	0,44	0,47	0,123	0,20	0,58	0,60	0,50	28,0	33,0	23,0	101,0	90,0	62,0	0,32	0,52	0,30	0,15	0,12	0,25	32,0	30,0	1,0	0,0	11,0	0,55	0,53	0,40	0,41	0,30	0,14	0,63	68,0	66,0	124,0	21,0	23,0	15,0	71,0
Ctyz_1	22091	SNP	74,0	87,0	205,0	35,0	88,0	96,0	81,0	37,0	38,0	29,0	115,0	100,0	66,0	38,0	72,0	34,0	25,0	30,0	50,0	0,39	0,33	1,0	0,0	16,0	85,0	94,0	67,0	50,0	46,0	48,0	130,0	0,74	0,71	0,137	0,19	0,22	0,27	76,0
Ctyz_1	22115	SNP	54,0	62,0	174,0	28,0	70,0	69,0	64,0	0,26	0,33	0,25	0,94	0,85	72,0	32,0	66,0	32,0	22,0	30,0	48,0	0,32	0,22	0,0	0,0	16,0	58,0	73,0	55,0	45,0	43,0	18,0	92,0	0,54	0,58	0,105	0,15	0,19	0,11	75,0
Ctyz_1	22163	SNP	58,0	71,0	217,0	38,0	87,0	87,0	82,0	0,32	0,35	0,31	0,97	1,90	69,0	35,0	63,0	37,0	29,0	40,0	60,0	0,35	0,25	0,0	1,0	16,0	70,0	84,0	67,0	50,0	57,0	42,0	107,0	0,55	1,75	0,119	0,15	0,20	0,24	83,0
Ctyz_1	22172	SNP	0,57	0,66	0,194	0,34	0,81	0,80	0,78	33,0	39,0	33,0	101,0	93,0	73,0	0,34	0,61	0,34	0,27	0,34	0,49	36,0	27,0	0,0	1,0	14,0	0,69	0,83	0,62	0,48	0,55	0,34	0,93	60,0	82,0	128,0	16,0	20,0	24,0	82,0
Ctyz_1	22175	SNP	64,0	64,0	212,0	41,0	90,0	87,0	87,0	34,0	39,0	33,0	103,0	96,0	73,0	36,0	66,0	35,0	27,0	37,0	53,0	0,36	0,27	0,0	1,0	16,0	80,0	87,0	69,0	50,0	59,0	44,0	113,0	61,0	85,0	131,0	0,16	0,20	0,24	86,0
Ctyz_1	22462	SNP	41,0	43,0	126,0	18,0	60,0	63,0	51,0	0,37	0,22	0,22	0,99	1,94	59,0	21,0	35,0	26,0	8,0	22,0	32,0	0,24	0,26	3,0	0,0	10,0	46,0	54,0	42,0	37,1	25,0	14,0	36,0	1,60	0,66	1,92	0,11	0,25	0,13	107,0
Ctyz_1	22483	SNP	48,0	57,0	146,0	23,0	73,0	74,0	64,0	0,49	0,23	0,29	0,124	0,119	58,0	21,0	37,0	33,0	9,0	30,1	33,0	0,31	0,28	5,0	6,0	13,0	62,0	66,0	57,0	40,0	28,0	15,0	38,0	1,80	0,83	0,116	1,15	0,29	0,24	105,0
Ctyz_1	22487	SNP	0,43	0,56	0,128	0,21	0,63	0,63	0,58	48,0	23,0	31,0	124,0	122,0	56,0	0,19	0,37	0,33	0,9	0,30	0,32	31,1	29,0	5,0	2,0	12,0	0,52	0,63	0,52	0,40	0,28	0,15	0,35	85,1	88,0	122,0	15,0	29,0	27,0	105,0
Ctyz_1	22504	SNP	0,54	0,55	0,149	0,23	0,77	0,83	0,65	0,49	0,29	0,32	0,126	0,127	62,0	0,22	0,44	0,35	0,8	0,30	0,32	0,29	0,34	12,0	5,0	17,0	0,58	0,72	0,54	0,46	0,30	0,21	0,41	0,88	0,96	0,121	0,15	0,28	0,24	108,0
Ctyz_1	22512	SNP	0,60	0,63	0,157	0,24	0,75	0,88	0,68	0,54	0,27	0,31	0,122	0,124	63,0	0,22	0,47	0,36	0,8	0,30	0,36	0,27	0,34	12,0	5,0	16,0	0,62	0,75	0,60	0,47	0,30	0,17	0,40	0,93	0,105	0,120	0,15	0,29	0,21	108,0
Ctyz_1	22532	SNP	62,0	76,0	168,0	25,0	83,0	91,0	75,0	55,0	32,0	34,0	126,0	127,0	66,0	26,0	52,0	37,0	14,0	66,0	79,0	1,26	0,32	5,0	2,0	18,0	64,0	81,0	70,0	52,0	33,0	22,0	51,0	0,91	0,107	1,120	0,13	0,27	0,20	125,0
Ctyz_1	22541	SNP	68,0	81,0	171,0	28,0	82,0	90,0	73,0	0,49	0,29	0,29	0,119	1,118	68,0	24,0	56,0	39,0	15,0	79,0	99,0	28,0	35,0	5,0	0,0	15,0	75,0	83,0	75,0	52,0	34,0	23,0	64,0	94,0	114,0	124,1	14,0	28,0	26,0	128,0
Ctyz_1	22544	SNP	68,0	79,0	169,0	24,0	83,0	89,0	70,0	0,47	0,30	0,30	1,118	1,117	69,0	26,0	55,0	37,0	13,0	89,0	112,0	0,26	0,34	5,0	0,0	14,0	78,0	86,0	74,0	53,0	34,0	22,0	69,0	0,92	0,112	0,122	0,14	0,27	0,24	132,0
Ctyz_1	22577	SNP	59,0	75,0	182,0	29,0	100,0	90,0	81,0	0,57	0,33	0,36	0,131	1,124	86,0	30,0	59,0	39,0	19,0	168,0	183,0	0,26	0,33	3,0	0,0	11,0	75,0	78,0	76,0	53,0	37,0	36,0	87,0	0,97	0,116	0,114	0,12	0,26	0,23	140,0
Ctyz_1	22580	SNP	59,0	78,0	192,0	31,0	102,0	93,0	81,0	0,59	0,33	0,36	0,131	1,125	88,0	29,0	61,0	39,0	18,0	168,0	186,0	0,26	0,33	3,0	0,0	11,0	76,0	76,0	78,0	53,0	38,0	34,0	90,0	0,95	0,115	0,114	0,11	0,25	0,23	138,0
Ctyz_1	22628	SNP	0,58	0,62	0,168	0,30	0,84	0,81	0,78	66,0	37,0	37,0	144,1	136,1	91,0	0,31	0,59	0,44	0,25	0,173	0,191	28,0	35,0	3,0	0,0	8,0	0,70	0,66	0,65	0,55	0,42	0,32	0,100	95,0	120,0	132,0	10,0	28,0	20,0	147,0
Ctyz_1	22633	SNP	0,58	0,59	0,162	0,30	0,86	0,77	0,77	61,0	36,0	37,0	145,0	132,1	89,0	0,31	0,59	0,44	0,25	0,174	0,191	28,0	34,0	2,0	0,0	6,0	0,68	0,63	0,65	0,55	0,41	1,29	0,101	93,0	117,1	127,0	10,0	28,0	20,0	150,0
Ctyz_1	22795	SNP	0,45	0,71	0,167	0,32	0,65	0,76	0,89	77,0	46,0	49,0	145,0	120,1	98,0	0,27	0,42	0,34	0,13	0,25	0,23	35,0	32,0	1,0	4,0	12,0	0,59	0,62	0,70	0,49	0,40	0,13	0,67	87,1	123,0	146,0	9,0	30,0	26,0	129,0
Ctyz_1	22848	SNP	0,68	0,88	0,212	0,35	0,83	0,104	0,114	87,0	48,0	47,0	153,0	122,0	94,0	0,31	0,41	0,34	0,14	0,30	0,28	38,0	30,0	3,0	2,0	14,0	0,82	0,79	0,77	0,48	0,41	0,25	0,99	103,0	132,0	142,0	14,0	30,0	26,0	120,0
Ctyz_1	22869	SNP	76,0	97,0	227,0	39,0	86,0	116,0	125,0	0,82	0,44	0,42	0,145	0,120	94,0	32,0	42,0	31,0	16,0	33,0	33,0	0,37	0,27	4,0	0,0	10,0	84,0	82,0	87,0	51,0	41,0	34,0	118,0	0,102	0,128	0,132	0,11	0,27	0,19	115,0
Ctyz_1	22872	SNP	75,0	94,0	220,0	39,0	84,0	113,0	127,0	0,86	0,44	0,41	0,141	1,119	89,0	32,0	42,0	30,0	16,0	32,0	33,0	0,37	0,29	4,0	0,0	10,0	84,0	78,0	85,0	50,0	41,0	33,0	113,0	0,101	1,126	0,133	0,11	0,28	0,19	118,0
Ctyz_1	22873	SNP	0,71	0,87	0,208	0,37	0,73	0,107	0,121	84,0	44,0	41,0	144,0	120,0	88,0	0,31	0,39	0,30	0,14	0,30	0,28	38,0	29,0	4,0	0,0	11,0	0,75	0,74	0,78	0,48	0,40	0,26	0,104	102,0	128,0	133,0	11,0	28,0	19,0	119,0
Ctyz_1	22895	SNP	1,49	0,63	2,142	0,22	1,57	0,91	3,81	84,0	47,0	45,0	146,0	126,0	85,0	0,27	0,37	1,29	1,9	1,22	0,22	44,0	34,0	4,0	3,0	12,0	0,52	0,48	0,55	0,44	2,35	0,11	2,62	112,0	134,0	129,0	12,0	30,0	21,0	115,0
Ctyz_1	22956	SNP	0,56	0,65	0,172	0,28	0,72	0,88	0,91	78,0	48,0	47,0	142,0	117,0	80,0	0,17	0,31	0,29	0,11	0,31	0,40	40,0	38,0	7,0	0,0	8,0	0,69	0,66	1,79	0,37	0,27	0,16	0,71	114,0	116,0	139,0	13,0	26,0	27,0	94,0
Ctyz_1	23114	SNP	0,75	0,78	0,171	1,29	0,87	1,101	0,87	50,0	36,0	33,0	126,0	102,0	63,0	0,21	0,38	0,26	0,27	3,44	1,42	35,0	37,0	9,0	4,0	11,0	0,58	1,65	0,79	0,36	0,39	0,26	1,90	109,0	96,0	134,0	19,0	24,0	22,0	70,0
Ctyz_1	23469	SNP	79,0	99,0	213,0	37,0	92,0	103,0	117,0	0,25	3,17	3,11	0,110	2,95	37,0	13,0	66,0	40,0	14,0	17,0	32,0	1,41	1,46	0,0	0,0	13,0	84,0	82,0	79,0	38,0	37,0	62,0	129,0	6,120	1,80	0,147	2,21	0,20	0,27	13,0
Ctyz_1	23700	SNP	0,78	0,74	0,215	0,33	0,95	0,112	0,121	39,0	15,0	22,0	109,1	105,0	45,0	0,17	0,58	0,37	0,23	0,21	0,24	49,0	52,0	2,0	1,0	12,0	0,74	0,91	0,84	0,39	0,35	0,60	0,143	119,2	65,0	145,0	27,0	15,0	25,0	16,0
Ctyz_1	23730	SNP	73,0	78,0	202,0	31,0	84,0	105,0	103,0	0,39	0,13	0,24	1,97	0,96	47,0	17,0	59,0	36,0	22,0	23,0	28,0	0,46	2,47	1,0	1,0	11,0	65,0	77,1	79,0	41,0	41,0	58,0	121,0	1,101	0,56	0,133	0,22	0,16	0,14	16,0
Ctyz_1	23735	SNP	71,0	79,0	201,0	36,0	92,0	106,0	96,0	0,40	0,14	0,24	1,98	0,97	43,0	17,0	58,0	38,0	23,0	23,0	30,0	0,46	2,47	3,0	2,0	12,0	63,0	76,0	85,0	41,0	43,0	63,0	123,0	1,103	0,56	0,135	0,23	0,16	0,14	16,0
Ctyz_1	23757	SNP	75,0	84,0	207,0	33,0	86,0	106,1	103,0	0,36	0,13	0,19	0,100	0,105	44,0	15,0	62,0	46,0	22,0	19,0	33,0	45,0	52,0	1,0	0,0	11,0	76,0	80,0	97,0	38,0	42,0	65,0	125,0	108,0	60,0	143,0	23,0	18,0	15,0	18,0
Ctyz_1	23762	SNP	0,70	0,78	0,193	0,31	0,79	0,101	0,94	40,0	15,0	20,0	104,0	107,0	46,0	0,14	0,61	0,46	0,21	0,19	0,29	44,0	53,0	1,0	0,0	10,0	0,71	0,76	0,88	0,37	0,41	1,56	0,113	108,1	61,0	136,0	23,0	18,0	15,0	16,0
Ctyz_1	23771	SNP	0,74	0,81	0,198	0,31	0,81	0,101	0,99	36,0	14,0	23,0	99,0	109,0	47,0	0,16	0,61	0,46	0,19	0,20	0,24	46,0	53,0	1,0	0,0	11,0	0,72	0,77	0,87	0,38	0,42	0,51	0,110	107,1	56,0	135,0	24,0	18,0	16,0	16,0
Ctyz_1	23777	SNP	70,0	80,0	187,0	34,0	78,1	100,0	101,0	0,39	0,14	0,21	0,100	0,107	47,0	16,0	61,0	46,0	16,0	20,0	21,0	0,45	2,53	1,0	0,0	11,0	71,0	76,0	83,0	38,0	41,0	56,0	125,0	1,104	0,55	0,130	0,23	0,19	0,14	15,0
Ctyz_1	23780	SNP	0,68	0,78	0,186	0,31	0,79	0,96	0,96	32,0	13,0	21,0	104,0	107,1	48,0	0,15	0,61	0,45	0,15	0,16	0,19	46,0	55,0	1,0	0,0	12,0	0,68	0,78	0,82	0,38	0,42	0,52	0,119	104,1	54,1	131,0	22,0	19,0	14,0	15,0
Ctyz_1	23782	SNP	0,65	0,77	0,185	0,32	0,76	0,98	0,94	36,0	14,0	22,0	101,0	109,0	50,0	0,15	0,61	0,45	0,15	0,16	0,19	47,0	57,0	3,0	0,0	14,0	0,68	0,76	0,83	0,38	0,42	0,52	0,119	100,1	54,0	130,0	22,0	19,0	14,0	15,0
Ctyz_1	23846	SNP	0,68	0,80	0,195	0,33	0,88	0,96	0,90	31,0	11,0	21,0	104,0	105,0	37,0	0,14	0,54	0,42	0,10	0,12	0,24	54,1	50,0	2,0	0,0	17,0	0,70	0,68	0,70	0,38	0,43	0,69	0,141	102,2	67,0	127,0	20,0	19,0	18,0	14,0
Ctyz_1	24865	SNP	60,0	58,0	146,0	32,0	75,0	70,0	77,0	0,45	0,34	0,38	0,122	0,114	36,0	6,0	49,1	35,0	11,0	20,0	33,0	0,35	0,25	4,0	0,0	14,0	71,0	65,0	71,0	33,0	33,0	51,0	125,0	2,75	1,96	0,101	0,20	0,16	0,29	39,0
Ctyz_1	24900	SNP	69,0	71,0	138,0	35,0	84,0	79,0	82,0	52,0	41,0	45,0	122,0	128,0	48,0	6,0	49,0	41,0	13,0	60,0	95,0	0,36	0,27	2,0	0,0	10,0	76,0	65,0	88,0	34,0	33,0	45,0	121,0	2,71	0,93	1,94	0,20	0,15	0,25	46,0
Ctyz_1	24901	SNP	0,63	0,75	0,142	0,32	0,82	0,82	0,83	51,0	41,0	44,0	121,0	127,0	44,0	0,6	0,48	0,40	0,13	0,60	0,95	37,0	28,0	2,0	0,0	10,0	0,73	0,65	0,85	0,30	0,33	0,41	0,118	70,2	96,0	97,1	21,0	15,0	26,0	46,0
Ctyz_1	24922	SNP	71,0	77,0	147,0	31,0	88,0	100,0	88,0	54,0	44,0	48,0	118,0	128,0	52,0	7,0	48,0	46,0	14,0	70,0	114,0	0,39	0,28	2,0	0,0	10,0	71,0	72,0	92,0	29,0	30,0	40,0	105,0	2,70	0,96	2,92	0,24	0,14	0,21	48,0
Ctyz_1	24923	SNP	68,0	74,0	143,0	32,0	81,0	99,0	85,0	0,53	0,42	0,47	0,116	0,127	52,0	8,0	47,0	46,0	15,0	93,0	136,0	39,0	31,0	2,0	0,0	12,0	69,0	69,0	92,0	29,0	30,0	38,0	105,0	73,0	99,0	95,0	25,0	14,0	23,0	48,0
Ctyz_1	24924	SNP	0,67	0,71	0,143	0,30	0,79	0,99	0,84	54,0	43,0	47,0	116,0	128,0	51,0	0,8	0,46	0,46	0,16	0,92	0,136	39,0	31,0	2,0	0,0	12,0	0,70	0,69	0,92	0,28	0,30	0,38	0,101	70,2	99,0	95,1	25,0	14,0	23,0	48,0
Ctyz_1	24930	SNP	71,0	73,0	143,0	27,0	80,0	97,0	87,0	55,0	45,0	50,0	121,0	133,0	57,0	9,0	46,0	46,0	15,0	101,0	143,0	0,40	0,30	2,0	0,0	12,0	71,0	71,0	89,0	31,0	30,0	42,0	107,0	2,69	0,96	1,94	0,24	0,14	0,21	48,0
Ctyz_1	24931	SNP	0,70	0,70	0,138	0,30	0,83	0,96	0,84	57,0	45,0	51,0	121,0	133,0	57,0	0,9	0,45	0,45	0,15	0,101	0,142	40,0	30,0	2,0	0,0	12,0	0,66	0,70	0,88	0,29	0,29	0,37	0,103	69,2	98,0	94,1	24,0	14,0	21,0	49,0
